60
10
8
20
10
10
20
20
20
10
20
20
10
10
10
20
30
40
20
10
20
60
10
20
20
10
10
10
20
30
20
40
30
10
20
10
30
10
20
20
10
20
10
10
30
30
20
20
20
40
10
20
20
10
10
40
10
20
20
20
30
30
10
10
10
20
10
20
20
10
20
10
40
10
52
20
20
20
10
20
10
10
20
42
8 7 2
9 7 3
9 6 1
9 5 1
9 4 0
8 4 0
7 4 0
6 4 1
6 5 1
6 6 3
5 6 0
5 5 0
4 5 0
3 5 0
2 5 2
2 4 0
1 4 2
1 3 1
1 2 1
1 1 1
1 0 1
2 0 0
3 0 0
4 0 0
5 0 0
6 0 0
6 1 2
7 1 0
8 1 0
8 2 1
8 3 3
7 3 0
6 3 0
5 3 1
5 4 3
4 4 2
4 3 0
3 3 2
3 2 0
3 1 0
2 1 1
2 2 0
