60
10
8
20
10
20
20
20
60
10
20
20
20
20
30
30
10
20
10
10
10
52
30
30
30
30
20
20
20
10
10
20
30
30
20
10
20
30
10
30
10
20
20
10
30
10
30
20
10
10
10
10
10
10
10
20
10
40
10
20
20
20
10
30
30
30
20
10
20
30
30
10
10
30
20
20
10
20
20
10
10
10
20
46
2 2 2
3 2 0
4 2 0
5 2 0
6 2 0
7 2 3
7 1 1
8 1 0
8 2 0
8 3 0
8 4 1
8 5 1
8 6 0
8 7 2
9 7 3
9 6 1
9 5 1
9 4 1
9 3 0
8 3 0
7 3 0
6 3 0
5 3 0
4 3 0
3 3 0
2 3 0
1 3 0
0 3 2
0 2 1
1 2 0
1 3 0
1 4 0
1 5 1
1 6 2
2 6 0
3 6 0
4 6 0
4 7 3
3 7 2
3 6 0
3 5 0
3 4 0
2 4 0
1 4 0
0 4 1
0 5 0
