61
10
8
20
20
10
20
10
10
10
20
20
30
20
30
30
20
30
20
52
30
40
30
40
40
30
10
20
30
20
30
20
30
10
20
10
30
40
30
20
40
10
10
20
30
40
30
10
30
40
10
20
30
30
10
20
10
30
10
20
40
10
30
30
10
30
10
20
20
10
40
10
60
20
20
20
10
20
10
20
20
10
20
44
2 0 2
3 0 0
3 1 0
3 2 2
4 2 0
4 3 0
4 4 3
3 4 1
3 5 0
3 6 1
3 7 2
4 7 0
5 7 0
6 7 0
7 7 0
8 7 3
8 6 0
7 6 0
6 6 0
5 6 0
5 5 0
5 4 1
5 3 0
5 2 1
6 2 0
7 2 0
8 2 0
9 2 3
9 1 1
9 0 0
8 0 1
8 1 3
7 1 0
7 0 0
6 0 1
6 1 0
6 2 0
6 3 1
6 4 2
7 4 0
8 4 0
9 4 0
9 5 3
8 5 0
