62
10
8
51
20
10
10
60
10
10
20
10
20
10
10
10
10
20
10
20
20
10
20
40
10
20
10
10
20
20
10
10
10
20
20
10
10
10
20
20
20
10
10
20
10
10
10
10
20
10
10
20
20
20
20
10
20
20
10
10
10
10
10
10
10
10
20
20
20
30
40
20
20
20
10
20
20
10
20
10
10
20
20
45
0 0 1
0 1 2
1 1 0
1 2 1
1 3 1
1 4 1
1 5 1
1 6 2
2 6 3
2 5 1
2 4 1
3 4 0
4 4 0
4 5 2
5 5 3
5 4 1
5 3 1
5 2 1
5 1 1
5 0 1
6 0 0
6 1 2
7 1 0
8 1 0
8 2 0
8 3 0
9 3 0
9 4 1
9 5 1
9 6 3
8 6 2
8 5 0
7 5 0
6 5 1
6 6 3
5 6 0
4 6 0
3 6 1
3 7 3
2 7 0
1 7 0
0 7 2
0 6 1
0 5 1
0 4 0
