60
10
8
20
20
20
10
10
20
10
20
20
10
40
10
10
40
20
10
20
20
30
10
20
20
10
10
10
10
10
10
10
20
40
10
10
30
40
20
10
20
20
10
10
10
10
10
10
10
30
10
20
10
10
10
10
10
53
10
10
20
30
20
20
60
20
10
20
20
10
30
10
20
10
10
20
20
20
20
10
10
10
20
45
6 6 3
6 5 1
6 4 1
6 3 1
6 2 1
6 1 1
6 0 0
5 0 0
4 0 0
3 0 0
2 0 1
2 1 3
1 1 0
0 1 1
0 2 2
1 2 0
1 3 1
1 4 1
1 5 1
0 5 1
0 6 1
0 7 2
1 7 0
2 7 0
3 7 0
4 7 0
5 7 0
6 7 0
7 7 0
8 7 0
9 7 3
9 6 1
9 5 1
9 4 1
9 3 0
8 3 0
7 3 2
7 2 0
7 1 1
8 1 0
8 2 1
8 3 0
8 4 1
8 5 3
7 5 0
