59
10
8
20
60
20
20
20
20
20
20
10
10
10
20
30
10
20
10
10
52
10
40
30
20
20
20
10
10
10
30
30
30
10
10
20
30
20
10
30
30
20
20
20
10
30
10
20
30
10
20
10
20
10
20
30
30
10
10
20
30
40
20
30
10
30
10
20
20
40
40
40
20
20
10
20
20
10
20
10
10
10
20
43
2 1 2
3 1 0
4 1 0
5 1 0
6 1 0
6 2 1
6 3 2
7 3 3
7 2 1
8 2 0
8 3 0
9 3 0
9 4 1
9 5 1
9 6 1
9 7 3
8 7 0
7 7 0
6 7 0
5 7 2
5 6 1
5 5 0
5 4 0
4 4 0
3 4 0
2 4 0
1 4 0
0 4 1
0 5 2
1 5 0
2 5 0
2 6 2
3 6 0
4 6 3
4 5 0
4 4 0
4 3 1
4 2 0
3 2 0
2 2 0
1 2 0
0 2 2
0 1 0
