58
10
8
20
10
10
53
10
10
10
20
20
30
30
10
30
20
10
10
20
10
30
10
30
40
10
10
10
30
20
30
30
40
20
10
20
30
20
20
60
10
20
20
20
10
10
10
40
30
20
10
10
10
10
10
30
30
30
20
10
30
20
10
10
40
30
20
20
20
10
30
20
10
20
10
20
20
10
20
20
10
20
20
44
0 3 3
0 2 1
0 1 1
0 0 1
1 0 0
1 1 0
1 2 0
1 3 1
1 4 0
1 5 2
2 5 1
2 4 0
2 3 1
2 2 0
2 1 1
2 0 1
3 0 0
4 0 0
4 1 0
4 2 3
3 2 1
3 3 0
3 4 0
3 5 0
4 5 0
5 5 0
6 5 0
7 5 0
7 6 0
7 7 2
8 7 0
9 7 3
9 6 0
8 6 2
8 5 1
8 4 1
9 4 3
9 3 0
8 3 0
7 3 0
6 3 0
5 3 0
4 3 1
4 4 0
