61
10
8
20
10
10
60
10
10
10
20
10
40
30
30
20
30
30
20
10
30
20
30
30
30
10
20
10
20
10
10
40
20
20
10
10
10
10
20
10
30
20
10
51
30
30
20
20
20
30
10
20
30
30
10
30
30
40
20
20
10
30
20
30
40
20
10
20
30
10
20
30
40
20
20
20
10
10
10
20
10
10
20
47
5 0 1
5 1 0
5 2 0
5 3 3
4 3 1
4 4 1
4 5 0
4 6 2
5 6 0
6 6 1
6 5 0
6 4 0
6 3 1
6 2 0
6 1 0
6 0 1
7 0 0
7 1 1
7 2 0
7 3 2
8 3 3
8 2 1
8 1 0
8 0 1
9 0 0
9 1 1
9 2 1
9 3 1
9 4 3
8 4 0
7 4 0
6 4 0
5 4 1
5 5 3
4 5 0
3 5 2
3 4 0
2 4 0
1 4 1
1 5 0
1 6 0
1 7 3
0 7 2
0 6 1
0 5 1
0 4 1
0 3 0
