58
10
8
20
10
10
10
20
20
10
20
10
30
20
30
10
20
10
10
10
20
20
10
20
10
10
10
10
20
30
30
20
30
20
20
10
10
40
30
20
30
20
20
20
10
10
30
20
30
30
20
10
30
20
30
30
30
30
10
20
30
30
20
30
10
20
10
10
40
10
40
30
20
20
20
20
10
10
10
60
51
10
20
44
9 5 1
9 6 1
9 7 3
8 7 2
8 6 0
7 6 2
7 5 1
7 4 0
7 3 1
8 3 1
8 2 1
8 1 0
7 1 0
6 1 0
5 1 0
4 1 0
3 1 1
3 2 0
3 3 0
3 4 3
2 4 2
2 3 1
2 2 0
1 2 1
1 3 0
1 4 1
1 5 3
0 5 1
0 6 1
0 7 2
1 7 0
2 7 0
3 7 3
3 6 1
4 6 0
4 7 2
5 7 3
5 6 0
5 5 0
5 4 1
6 4 0
7 4 0
8 4 0
9 4 0
