58
10
8
20
10
10
20
20
10
20
20
10
10
20
30
30
30
20
10
10
10
10
20
20
20
52
20
10
20
10
40
20
10
10
10
10
10
20
20
10
10
10
20
20
30
10
40
20
10
20
20
10
30
10
20
10
20
10
10
10
30
30
20
40
30
10
10
10
30
20
30
10
20
60
10
20
20
10
10
10
10
10
20
43
2 6 2
3 6 0
4 6 0
5 6 3
5 5 1
5 4 0
4 4 0
3 4 2
3 3 1
4 3 3
4 2 0
3 2 0
2 2 0
1 2 1
1 3 0
1 4 0
1 5 0
1 6 3
0 6 2
0 5 1
0 4 1
1 4 0
2 4 3
2 3 0
1 3 0
0 3 2
0 2 1
0 1 1
0 0 1
1 0 0
2 0 0
3 0 0
4 0 0
5 0 0
5 1 0
5 2 1
5 3 0
6 3 0
6 4 1
6 5 2
7 5 0
8 5 0
8 6 0
