59
10
8
20
10
10
20
20
20
10
20
20
10
10
10
10
30
30
10
10
30
40
10
40
10
40
10
20
40
10
10
20
40
10
53
20
60
30
10
40
10
20
10
20
10
30
40
20
10
10
20
10
10
10
20
40
40
30
20
20
30
20
10
10
10
40
20
10
40
30
40
10
10
10
10
20
20
20
10
20
20
10
20
42
3 7 3
3 6 1
3 5 0
2 5 0
1 5 0
0 5 2
0 4 1
1 4 0
2 4 1
2 3 1
2 2 1
3 2 0
4 2 0
5 2 0
6 2 0
7 2 3
7 1 0
7 0 0
6 0 0
5 0 1
5 1 1
5 2 0
5 3 0
6 3 0
6 4 0
7 4 0
8 4 0
9 4 0
9 5 3
8 5 0
7 5 0
6 5 1
6 6 0
6 7 3
5 7 2
5 6 1
5 5 1
5 4 0
4 4 0
4 3 1
4 2 0
4 1 0
