60
10
8
20
20
10
20
10
10
10
20
10
20
30
30
30
20
20
20
20
30
40
10
20
20
10
10
20
20
10
30
10
20
40
10
10
10
40
10
40
20
20
10
10
20
30
10
30
30
10
20
10
10
20
10
20
20
10
10
20
20
30
10
20
30
30
10
20
20
10
10
30
30
20
10
20
60
20
20
10
53
20
20
43
9 5 3
9 4 1
9 3 0
8 3 0
7 3 0
6 3 0
5 3 0
4 3 0
3 3 0
2 3 0
1 3 0
0 3 1
0 4 1
0 5 1
0 6 1
0 7 2
1 7 3
1 6 1
2 6 0
3 6 1
3 5 1
4 5 3
4 4 0
3 4 0
2 4 1
2 5 3
1 5 2
1 4 0
1 3 0
1 2 0
1 1 1
2 1 0
3 1 3
3 0 1
4 0 0
5 0 0
6 0 0
7 0 0
7 1 2
8 1 3
8 0 1
9 0 0
9 1 0
