61
10
8
20
10
10
10
10
10
20
20
10
60
30
30
40
30
30
20
10
30
30
40
30
30
30
10
10
40
30
40
40
20
30
20
20
40
40
30
20
30
30
20
20
30
30
30
30
30
10
10
20
30
10
20
40
30
10
10
10
40
30
30
10
30
30
20
10
30
40
20
20
10
30
10
20
10
10
51
10
10
20
20
49
9 3 1
9 4 1
9 5 1
9 6 3
8 6 0
7 6 0
6 6 0
5 6 0
4 6 0
3 6 0
2 6 0
1 6 0
0 6 2
0 5 1
0 4 1
0 3 1
0 2 1
0 1 1
0 0 1
1 0 0
2 0 0
3 0 0
4 0 0
4 1 0
5 1 0
6 1 0
7 1 0
7 2 0
7 3 0
7 4 1
7 5 0
7 6 0
7 7 3
6 7 0
5 7 0
4 7 2
4 6 0
4 5 0
4 4 1
5 4 0
6 4 1
6 3 0
5 3 0
4 3 0
3 3 0
3 2 0
3 1 0
2 1 0
1 1 0
