62
10
8
20
10
10
20
10
10
20
20
20
20
30
30
20
40
30
10
10
30
30
40
10
30
10
10
20
20
40
20
20
20
20
10
20
40
20
30
10
40
30
10
20
20
10
20
10
20
10
10
52
20
30
10
40
20
20
10
20
30
10
30
30
10
20
10
20
60
40
30
10
30
30
10
20
20
20
10
20
10
10
20
46
6 0 2
7 0 0
7 1 0
7 2 1
7 3 0
7 4 0
7 5 1
7 6 3
6 6 2
6 5 0
5 5 2
5 4 1
5 3 0
4 3 0
3 3 1
3 4 3
2 4 0
1 4 1
1 5 0
2 5 0
3 5 0
3 6 3
2 6 0
1 6 0
0 6 1
0 7 2
1 7 0
2 7 0
3 7 0
4 7 0
5 7 0
6 7 0
7 7 0
8 7 0
9 7 3
9 6 1
9 5 1
9 4 0
8 4 0
7 4 0
6 4 0
6 3 1
6 2 0
6 1 1
7 1 0
8 1 0
