61
10
8
20
20
10
53
20
20
10
20
20
10
20
20
20
10
10
20
10
10
10
30
10
10
10
10
10
10
10
10
10
10
10
10
10
10
10
10
40
20
10
10
60
10
30
10
20
20
20
10
10
40
20
40
20
30
30
10
10
20
40
10
10
10
10
20
20
10
20
10
10
10
10
10
20
10
10
20
20
20
10
20
49
0 3 3
0 2 1
0 1 1
1 1 0
2 1 0
3 1 0
4 1 0
5 1 0
6 1 0
6 2 3
5 2 0
4 2 0
3 2 0
2 2 0
1 2 1
1 3 2
2 3 0
3 3 0
4 3 0
5 3 0
6 3 0
6 4 3
5 4 1
5 5 3
4 5 2
4 4 0
3 4 0
2 4 0
1 4 1
1 5 1
1 6 1
1 7 2
2 7 0
3 7 0
4 7 0
5 7 0
6 7 0
7 7 3
7 6 1
7 5 1
7 4 1
7 3 1
7 2 1
8 2 3
8 1 1
8 0 0
7 0 0
6 0 0
5 0 0
