58
10
8
20
10
20
10
10
20
20
20
10
30
10
20
52
30
30
20
10
30
30
30
10
10
30
60
20
10
20
10
30
30
20
10
20
30
20
20
10
10
40
10
10
30
20
20
20
40
20
20
10
20
30
30
20
10
20
20
20
20
10
20
10
30
20
10
20
10
30
30
20
30
30
10
20
10
20
10
20
10
10
20
43
1 4 2
2 4 0
3 4 0
4 4 0
5 4 0
5 5 1
4 5 0
3 5 0
2 5 0
1 5 0
0 5 1
0 6 2
1 6 0
2 6 0
3 6 3
3 5 0
3 4 0
3 3 1
3 2 1
4 2 0
4 3 2
5 3 3
5 2 1
6 2 0
7 2 0
8 2 0
9 2 3
9 1 1
9 0 0
8 0 1
8 1 1
8 2 0
8 3 0
8 4 3
7 4 0
6 4 1
6 5 1
6 6 3
5 6 1
5 7 3
4 7 0
3 7 0
2 7 0
