61
10
8
20
10
10
10
10
20
20
20
20
60
40
10
10
10
10
10
20
20
40
10
10
10
10
10
20
10
10
40
10
20
40
10
10
20
10
10
10
40
40
20
50
10
10
10
10
10
40
20
10
40
10
40
20
40
10
20
10
10
10
10
30
10
20
10
10
20
20
10
10
20
10
20
20
10
10
20
20
10
10
20
46
5 0 0
4 0 0
3 0 1
3 1 1
3 2 1
3 3 0
4 3 0
5 3 0
6 3 0
6 4 2
7 4 0
8 4 0
9 4 0
9 5 1
9 6 1
9 7 3
8 7 2
8 6 1
8 5 0
7 5 0
6 5 1
6 6 1
6 7 3
5 7 2
5 6 0
4 6 1
4 7 3
3 7 0
2 7 0
1 7 0
0 7 2
0 6 1
1 6 0
2 6 0
3 6 1
3 5 0
2 5 0
1 5 0
0 5 2
0 4 1
0 3 1
0 2 1
0 1 1
0 0 1
1 0 0
1 1 0
