60
10
8
20
10
20
20
10
10
20
20
20
30
20
20
20
10
20
10
20
10
20
20
10
10
60
10
10
40
10
10
10
20
20
10
20
10
10
20
20
10
20
10
10
10
10
10
20
30
10
10
10
20
20
40
10
10
10
10
10
10
10
10
20
10
20
10
52
10
10
20
10
20
20
10
20
10
10
10
10
10
10
20
45
8 0 2
9 0 0
9 1 1
9 2 1
9 3 1
9 4 1
9 5 1
9 6 1
9 7 3
8 7 0
7 7 0
6 7 0
5 7 0
4 7 0
3 7 0
2 7 0
1 7 0
0 7 2
0 6 1
1 6 3
1 5 1
1 4 1
2 4 0
3 4 0
4 4 3
4 3 0
3 3 0
2 3 2
2 2 1
3 2 0
4 2 0
5 2 0
6 2 0
6 3 0
7 3 0
8 3 0
8 4 1
8 5 3
7 5 0
6 5 0
5 5 0
4 5 0
3 5 1
3 6 3
2 6 0
