61
10
8
20
10
20
10
10
10
10
20
10
10
20
20
20
10
10
10
10
20
10
10
20
10
20
20
60
10
52
10
30
10
10
20
20
30
10
20
10
10
30
20
20
10
20
10
30
40
20
10
10
30
10
20
10
30
10
10
10
10
20
20
40
10
20
20
20
10
40
10
10
20
10
20
20
20
20
20
10
10
10
20
45
3 2 2
4 2 0
5 2 3
5 1 1
5 0 1
6 0 0
7 0 0
8 0 0
8 1 1
8 2 1
7 2 1
7 3 2
8 3 0
9 3 0
9 4 1
9 5 1
9 6 1
9 7 3
8 7 2
8 6 1
8 5 0
7 5 0
6 5 0
5 5 1
5 6 2
6 6 0
7 6 0
7 7 3
6 7 0
5 7 0
4 7 2
4 6 0
4 5 1
4 4 1
4 3 0
3 3 0
2 3 0
1 3 2
1 2 0
0 2 2
0 1 1
0 0 1
1 0 0
2 0 0
3 0 0
