60
10
8
20
10
20
10
10
20
10
20
10
10
30
30
20
20
30
20
10
20
10
20
10
53
60
10
20
30
40
30
30
20
20
20
10
30
30
30
30
30
10
20
20
20
30
10
20
10
30
20
10
20
20
20
20
10
30
20
20
20
20
20
20
30
20
20
10
30
30
20
10
30
30
20
20
10
20
20
20
10
20
20
42
2 5 3
2 4 1
2 3 1
3 3 0
4 3 0
5 3 0
6 3 0
6 4 2
7 4 0
7 5 0
7 6 2
8 6 0
9 6 0
9 7 3
8 7 2
8 6 0
8 5 0
8 4 1
8 3 0
7 3 2
7 2 0
6 2 2
6 1 0
5 1 2
5 0 0
4 0 0
3 0 1
3 1 0
3 2 1
2 2 0
1 2 0
0 2 1
0 3 1
0 4 1
0 5 2
1 5 0
1 6 0
1 7 2
2 7 0
3 7 3
3 6 0
2 6 0
