59
10
8
20
10
20
10
20
20
10
60
20
30
10
20
40
53
30
10
10
30
40
10
10
10
10
10
10
20
10
40
20
10
10
10
10
40
40
40
20
30
40
10
10
10
10
10
10
10
40
10
20
40
30
10
10
10
40
20
10
10
10
30
10
40
40
20
10
10
10
30
30
10
10
10
20
20
20
20
10
10
10
20
46
1 5 3
1 4 1
2 4 0
3 4 3
3 3 0
2 3 0
1 3 2
1 2 1
1 1 0
1 0 1
2 0 0
3 0 0
4 0 0
5 0 0
6 0 0
6 1 0
7 1 0
8 1 0
9 1 0
9 2 3
8 2 0
7 2 0
6 2 0
5 2 0
4 2 1
4 3 0
5 3 0
6 3 0
7 3 0
8 3 0
9 3 0
9 4 1
9 5 1
9 6 1
9 7 3
8 7 0
7 7 2
7 6 0
6 6 1
6 7 3
5 7 0
4 7 0
3 7 0
2 7 0
1 7 0
0 7 0
