59
10
8
20
20
10
10
20
10
10
20
10
30
20
30
20
10
10
20
10
20
10
20
10
20
20
10
10
20
40
20
20
20
20
10
10
10
10
10
20
10
30
20
10
10
30
30
20
10
30
20
10
30
30
10
10
20
10
10
20
30
10
10
20
20
10
10
10
10
10
20
50
20
20
10
20
20
10
10
60
20
20
20
44
8 4 0
7 4 2
7 3 1
7 2 1
7 1 0
7 0 0
6 0 0
5 0 0
4 0 0
3 0 0
2 0 0
1 0 0
0 0 1
0 1 2
1 1 0
2 1 0
2 2 1
2 3 2
3 3 0
3 4 3
2 4 0
1 4 1
1 5 1
1 6 1
1 7 2
2 7 0
3 7 0
4 7 3
4 6 0
4 5 1
4 4 1
5 4 0
5 5 1
5 6 0
5 7 2
6 7 0
7 7 0
8 7 0
9 7 3
9 6 0
8 6 2
8 5 1
9 5 3
9 4 0
