61
10
8
20
10
10
20
10
10
10
20
10
10
40
40
10
30
30
10
10
10
40
10
40
20
40
10
10
30
40
10
20
10
20
20
10
40
10
10
40
10
10
10
10
30
20
40
30
20
20
20
10
10
20
20
20
40
30
10
60
10
30
40
53
40
40
10
10
20
10
30
10
40
10
10
20
20
20
10
10
20
10
20
45
7 4 3
7 3 0
6 3 1
6 4 3
5 4 0
4 4 0
4 3 1
4 2 1
4 1 1
5 1 0
6 1 0
7 1 0
8 1 0
8 2 1
8 3 0
8 4 1
8 5 0
9 5 0
9 6 1
9 7 3
8 7 0
7 7 0
6 7 0
5 7 2
5 6 0
4 6 0
3 6 2
3 5 1
3 4 0
2 4 0
2 3 1
2 2 0
1 2 1
1 3 1
0 3 2
0 2 1
0 1 1
0 0 1
1 0 0
2 0 0
3 0 0
4 0 0
5 0 0
6 0 0
7 0 0
