60
10
8
20
10
20
20
20
20
10
20
20
30
40
20
10
40
40
10
10
60
10
10
20
10
20
20
10
20
20
30
10
50
10
20
10
40
10
20
20
10
10
10
10
40
10
30
30
10
40
20
10
30
40
10
10
40
40
10
20
20
40
40
10
30
40
10
20
30
10
10
10
20
20
20
20
10
10
10
10
20
20
20
42
3 5 0
2 5 0
1 5 0
1 4 1
1 3 0
0 3 2
0 2 1
1 2 1
1 1 0
1 0 1
2 0 0
3 0 0
4 0 0
5 0 0
6 0 0
7 0 0
7 1 3
6 1 0
5 1 1
5 2 1
5 3 0
5 4 0
5 5 1
5 6 0
6 6 1
6 5 1
7 5 0
8 5 0
8 6 3
7 6 0
7 5 0
7 4 1
7 3 0
6 3 0
5 3 0
4 3 1
4 4 3
3 4 0
2 4 2
2 3 1
2 2 1
2 1 0
