59
10
8
20
10
10
10
10
20
10
20
10
10
10
10
30
20
10
20
10
20
10
10
10
30
10
20
10
10
20
10
20
40
10
20
10
20
30
10
10
10
10
20
10
10
30
30
30
20
10
20
20
10
60
40
10
20
10
20
10
51
10
10
30
10
10
20
10
10
40
20
10
10
20
20
20
10
20
20
20
20
20
20
45
7 1 1
7 2 1
7 3 1
7 4 0
7 5 1
7 6 1
7 7 3
6 7 2
6 6 1
6 5 0
5 5 1
5 6 1
5 7 3
4 7 2
4 6 1
4 5 1
4 4 1
4 3 1
4 2 0
4 1 0
3 1 0
2 1 1
2 2 1
2 3 1
2 4 1
2 5 0
2 6 1
2 7 3
1 7 2
1 6 1
1 5 0
0 5 2
0 4 1
0 3 1
0 2 1
0 1 1
0 0 1
1 0 0
2 0 0
3 0 0
4 0 0
5 0 0
6 0 0
6 1 1
6 2 0
