61
10
8
20
20
20
10
10
20
10
20
20
20
30
10
20
30
20
60
10
10
20
30
30
20
30
10
20
30
10
30
30
20
10
10
10
30
20
20
20
10
30
10
10
40
30
10
10
30
20
10
10
10
30
30
20
30
30
10
10
20
20
20
30
10
30
20
20
30
20
30
20
30
50
20
20
10
10
10
10
20
20
20
47
8 6 0
7 6 0
6 6 0
5 6 2
5 5 0
5 4 1
5 3 1
5 2 0
5 1 1
6 1 0
7 1 0
7 2 2
8 2 3
8 1 0
8 0 1
9 0 0
9 1 1
9 2 1
9 3 1
9 4 1
9 5 3
8 5 0
7 5 0
6 5 0
5 5 0
4 5 0
3 5 2
3 4 0
3 3 0
3 2 1
3 1 0
3 0 0
2 0 0
1 0 1
1 1 3
0 1 1
0 2 2
1 2 0
2 2 0
2 3 0
2 4 0
2 5 3
1 5 0
0 5 1
0 6 1
0 7 2
1 7 0
