61
10
8
20
10
10
51
10
10
10
20
10
20
30
30
10
20
20
20
20
30
30
30
30
40
30
20
10
30
30
10
10
30
10
10
20
10
40
30
30
10
20
10
20
40
30
30
40
10
20
10
10
30
40
40
30
40
20
10
10
20
40
10
20
40
30
10
10
30
30
30
30
60
30
10
20
10
10
20
10
10
10
20
49
0 3 1
0 4 1
0 5 1
0 6 1
0 7 2
1 7 3
1 6 1
2 6 0
3 6 0
4 6 3
4 5 1
4 4 0
4 3 0
4 2 1
5 2 0
6 2 0
6 3 0
7 3 0
8 3 0
9 3 0
9 4 1
9 5 1
9 6 1
9 7 3
8 7 0
7 7 0
6 7 0
5 7 0
4 7 0
3 7 0
2 7 2
2 6 0
2 5 0
1 5 2
1 4 1
1 3 0
1 2 0
1 1 1
2 1 0
3 1 0
4 1 0
5 1 0
5 2 0
5 3 0
5 4 0
6 4 0
7 4 0
7 5 0
8 5 0
