60
10
8
20
10
10
10
10
20
10
20
10
20
20
30
30
20
10
20
10
20
20
10
40
20
10
20
20
20
10
30
40
30
40
20
10
30
20
30
20
10
10
20
10
10
20
10
40
10
10
10
10
30
52
20
10
10
20
20
10
10
10
20
40
60
30
10
10
10
20
20
30
10
40
10
20
20
10
10
10
10
10
20
45
6 2 2
7 2 0
8 2 0
8 3 3
7 3 1
7 4 1
6 4 0
5 4 0
5 3 1
5 2 0
4 2 1
4 3 0
4 4 3
3 4 0
3 3 0
3 2 1
3 1 1
4 1 0
5 1 0
6 1 0
7 1 0
8 1 0
9 1 0
9 2 1
9 3 1
9 4 1
9 5 1
9 6 1
9 7 3
8 7 0
7 7 0
6 7 2
6 6 0
5 6 0
4 6 0
3 6 0
3 5 0
3 4 0
2 4 1
2 5 2
3 5 0
4 5 0
5 5 0
6 5 0
7 5 0
