58
10
8
20
10
10
20
10
20
20
20
20
20
30
40
30
30
40
10
10
40
30
10
30
30
30
20
10
30
10
30
30
40
20
10
10
10
30
40
10
10
60
10
20
30
30
30
40
10
40
10
50
30
40
40
10
30
40
20
20
10
10
30
10
20
10
10
20
10
10
40
20
40
40
10
20
20
10
10
10
20
20
20
43
6 0 0
5 0 1
5 1 0
5 2 0
5 3 0
5 4 0
6 4 0
7 4 0
8 4 0
8 5 0
9 5 3
9 4 1
9 3 1
9 2 1
9 1 0
8 1 0
7 1 0
6 1 0
5 1 0
4 1 0
3 1 0
2 1 1
2 2 0
2 3 1
2 4 0
2 5 0
2 6 0
2 7 3
1 7 0
0 7 2
0 6 1
1 6 1
1 5 0
1 4 0
1 3 0
0 3 1
0 4 1
0 5 2
1 5 0
2 5 0
3 5 0
3 6 2
4 6 0
