58
10
8
20
20
20
20
10
20
20
20
20
30
30
20
30
10
20
10
60
10
30
10
10
30
10
10
20
20
20
30
20
20
10
10
10
10
40
20
30
20
20
10
20
30
30
10
20
20
20
10
52
30
30
10
20
20
30
10
10
30
10
10
20
10
30
10
10
10
10
30
30
10
30
10
20
10
10
10
10
10
10
20
45
6 0 2
7 0 0
8 0 0
9 0 0
9 1 1
9 2 1
9 3 1
9 4 1
9 5 1
9 6 1
9 7 3
8 7 0
7 7 0
6 7 0
5 7 0
4 7 0
3 7 0
2 7 0
1 7 0
0 7 2
0 6 1
1 6 3
1 5 1
1 4 0
1 3 1
2 3 0
3 3 0
4 3 0
4 4 0
4 5 2
5 5 3
5 4 0
4 4 0
3 4 2
3 3 0
3 2 0
2 2 0
1 2 0
0 2 2
0 1 1
1 1 0
2 1 0
3 1 3
3 0 0
2 0 0
