60
10
8
20
60
10
10
10
10
51
20
10
20
40
10
20
10
10
10
10
40
10
20
10
30
30
20
10
30
10
10
30
40
30
20
10
10
10
20
10
30
10
20
20
10
40
40
30
10
40
10
20
20
10
10
10
10
10
20
20
10
30
30
20
10
20
10
10
10
40
30
20
10
20
10
20
10
10
10
10
20
10
20
48
0 6 1
0 7 2
1 7 0
2 7 3
2 6 0
2 5 0
2 4 1
2 3 1
3 3 0
4 3 0
4 4 1
4 5 0
4 6 1
4 7 3
3 7 2
3 6 0
3 5 1
4 5 0
5 5 0
6 5 0
7 5 0
8 5 0
9 5 3
9 4 1
9 3 1
9 2 1
9 1 1
9 0 0
8 0 0
7 0 1
7 1 1
7 2 0
7 3 0
7 4 2
8 4 3
8 3 0
8 2 0
7 2 0
6 2 0
5 2 0
5 1 1
5 0 0
4 0 0
3 0 0
2 0 0
1 0 0
0 0 1
0 1 0
