59
10
8
20
20
10
20
20
10
20
20
10
30
30
10
40
20
30
20
20
20
30
20
10
40
10
10
10
30
30
40
30
10
50
10
10
40
10
30
30
20
40
20
20
20
20
40
40
30
10
20
20
30
30
10
10
40
20
20
10
30
10
30
30
30
30
10
20
30
10
30
20
20
30
20
20
10
20
60
20
10
10
20
42
3 6 0
2 6 0
1 6 0
0 6 1
0 7 2
1 7 3
1 6 0
1 5 1
2 5 1
2 4 1
2 3 0
1 3 0
0 3 2
0 2 1
0 1 1
1 1 0
2 1 3
2 0 1
3 0 0
4 0 0
5 0 0
5 1 3
4 1 1
4 2 1
4 3 0
4 4 0
4 5 2
5 5 0
6 5 1
6 4 1
6 3 1
6 2 0
6 1 0
6 0 1
7 0 0
8 0 0
8 1 0
8 2 1
8 3 0
8 4 2
9 4 3
9 3 0
