58
10
8
20
20
10
20
10
10
20
20
20
10
10
10
10
20
40
10
20
10
30
20
10
20
10
20
10
10
10
40
30
10
40
10
20
40
10
10
10
10
10
20
10
10
40
10
40
30
10
10
20
20
51
30
40
10
10
20
10
10
10
10
20
10
10
20
20
20
40
10
10
30
40
10
20
10
60
20
10
10
10
20
44
6 2 1
6 3 0
6 4 0
7 4 0
7 5 1
7 6 1
7 7 2
8 7 0
9 7 3
9 6 1
9 5 1
9 4 1
9 3 0
8 3 0
7 3 0
6 3 0
5 3 0
4 3 0
3 3 1
3 4 0
3 5 1
3 6 1
2 6 0
1 6 0
1 5 1
2 5 3
2 4 1
2 3 0
1 3 0
0 3 2
0 2 1
0 1 1
1 1 0
2 1 0
3 1 0
4 1 1
4 0 1
5 0 0
6 0 0
6 1 2
7 1 0
8 1 0
8 2 0
9 2 0
