61
10
8
20
10
10
10
10
10
10
20
10
20
20
40
10
30
20
10
10
20
10
40
10
10
10
20
10
10
40
40
30
10
10
10
10
30
60
40
10
10
10
20
10
30
10
51
10
40
30
20
20
40
10
40
30
40
10
20
10
10
40
10
10
40
20
10
20
40
20
10
40
40
10
10
20
10
10
10
20
10
20
20
47
5 3 1
5 4 1
5 5 0
6 5 0
6 6 1
6 7 2
7 7 0
8 7 0
9 7 3
9 6 0
8 6 0
7 6 2
7 5 1
8 5 1
8 4 1
9 4 3
9 3 1
9 2 1
9 1 1
9 0 0
8 0 1
8 1 1
7 1 0
6 1 0
6 0 0
5 0 0
4 0 0
3 0 0
2 0 0
1 0 0
0 0 1
0 1 1
0 2 1
0 3 1
0 4 1
0 5 1
0 6 1
0 7 2
1 7 0
2 7 3
2 6 1
2 5 1
2 4 1
2 3 1
3 3 1
3 2 1
4 2 0
