58
10
8
20
20
10
10
10
10
10
20
10
40
20
30
40
30
30
10
10
30
40
20
30
10
40
10
20
40
20
40
30
30
20
10
20
10
20
10
20
20
30
10
10
40
40
20
40
10
40
10
10
20
10
30
30
30
40
10
10
20
30
30
20
10
30
10
10
20
40
30
30
30
60
10
20
10
10
20
10
20
51
20
42
9 6 1
9 7 3
8 7 0
7 7 0
6 7 0
5 7 0
4 7 0
3 7 0
2 7 0
1 7 0
0 7 2
0 6 1
0 5 1
0 4 1
0 3 1
0 2 1
0 1 1
1 1 0
1 2 2
2 2 0
2 3 2
3 3 0
3 4 0
3 5 0
3 6 2
4 6 0
5 6 1
5 5 1
5 4 0
4 4 2
4 3 1
4 2 1
5 2 1
5 1 1
6 1 0
6 2 1
6 3 0
6 4 0
6 5 0
6 6 0
7 6 0
8 6 0
