61
10
8
20
10
20
20
10
10
10
20
10
20
10
30
30
40
20
20
20
10
20
10
20
20
20
20
10
30
20
20
10
30
10
20
20
20
30
20
10
10
20
10
10
10
30
10
30
40
10
20
10
30
10
20
10
10
20
10
10
20
20
10
10
20
30
20
20
20
10
10
30
10
10
10
20
20
10
60
51
10
10
20
46
9 4 1
9 5 1
9 6 1
9 7 3
8 7 0
7 7 2
7 6 0
7 5 0
6 5 0
5 5 1
5 6 1
5 7 3
4 7 0
3 7 2
3 6 1
3 5 0
3 4 1
3 3 0
2 3 0
1 3 0
0 3 1
0 4 1
0 5 1
0 6 1
0 7 2
1 7 3
1 6 1
2 6 3
2 5 0
1 5 0
1 4 0
1 3 0
1 2 1
1 1 1
2 1 0
3 1 0
4 1 3
4 0 1
5 0 0
6 0 0
7 0 0
8 0 0
8 1 2
9 1 0
9 2 1
9 3 0
