59
10
8
20
20
20
20
20
20
10
20
10
30
40
30
10
30
30
20
10
30
30
30
20
40
30
20
10
40
30
10
30
40
40
20
20
40
10
20
53
30
20
10
10
10
20
20
20
10
30
20
20
40
10
30
20
10
30
10
10
30
30
30
10
40
30
10
10
30
30
40
40
30
10
10
20
10
10
10
10
20
60
20
44
4 4 3
4 3 1
5 3 3
5 2 0
4 2 0
3 2 0
2 2 0
1 2 1
1 3 0
1 4 1
1 5 0
1 6 0
1 7 2
2 7 3
2 6 0
2 5 1
3 5 1
3 4 0
3 3 1
3 2 0
3 1 0
2 1 0
1 1 0
0 1 2
0 0 1
1 0 0
2 0 0
3 0 0
4 0 0
4 1 0
5 1 0
6 1 0
6 2 1
6 3 0
6 4 3
5 4 1
5 5 1
5 6 0
5 7 2
6 7 0
7 7 0
8 7 0
9 7 3
9 6 0
