60
10
8
20
10
10
20
20
20
20
20
10
10
10
30
40
30
30
10
10
40
10
10
40
10
10
10
10
20
10
20
10
30
30
10
20
30
10
40
10
20
30
20
20
40
10
10
30
10
10
20
20
30
20
20
20
40
10
20
10
10
40
30
30
30
10
10
20
20
30
40
20
10
10
10
20
10
60
10
51
10
20
20
45
9 4 1
9 5 1
9 6 3
8 6 0
7 6 0
6 6 0
5 6 0
4 6 0
3 6 0
2 6 0
1 6 0
0 6 1
0 7 2
1 7 0
2 7 0
3 7 0
4 7 3
4 6 0
4 5 1
5 5 0
6 5 1
6 4 0
5 4 0
4 4 0
3 4 0
2 4 0
2 3 1
2 2 1
2 1 1
3 1 0
3 2 1
3 3 2
4 3 1
4 2 1
4 1 0
4 0 1
5 0 0
5 1 0
6 1 0
7 1 0
8 1 3
8 0 1
9 0 0
9 1 1
9 2 0
