61
10
8
20
10
10
10
10
10
10
20
20
10
10
20
20
20
40
60
20
30
10
20
30
20
10
53
10
10
30
10
10
20
20
10
10
20
10
20
20
30
20
20
20
40
10
10
40
30
30
20
10
20
20
10
40
20
10
10
10
20
30
10
10
10
10
10
10
10
10
20
40
30
40
10
20
20
20
10
10
10
10
20
46
2 7 3
2 6 1
2 5 0
1 5 2
1 4 1
2 4 0
3 4 0
4 4 0
4 5 0
4 6 3
3 6 2
3 5 1
4 5 0
5 5 0
6 5 3
6 4 1
7 4 0
8 4 1
8 3 0
7 3 0
6 3 0
5 3 0
4 3 2
4 2 1
4 1 1
5 1 1
5 0 0
4 0 0
3 0 0
2 0 1
2 1 0
2 2 1
2 3 3
1 3 2
1 2 1
1 1 1
1 0 0
0 0 1
0 1 1
0 2 1
0 3 1
0 4 1
0 5 1
0 6 1
0 7 2
1 7 0
