58
10
8
20
10
10
10
20
10
10
20
10
30
40
20
20
30
30
20
20
30
10
20
10
30
10
10
10
20
40
60
30
40
30
20
10
10
40
10
10
30
30
20
10
10
30
20
20
40
30
10
10
30
40
30
30
30
40
10
20
30
40
30
10
40
10
20
10
30
30
10
20
10
20
10
20
20
10
53
20
10
10
20
45
9 3 3
9 2 1
9 1 0
8 1 0
7 1 0
6 1 0
5 1 0
4 1 0
3 1 1
3 2 0
4 2 0
4 3 1
4 4 1
4 5 0
4 6 0
4 7 3
3 7 2
3 6 0
3 5 1
4 5 0
5 5 1
5 4 1
6 4 0
7 4 0
8 4 0
8 5 1
8 6 3
7 6 0
6 6 0
6 5 0
6 4 0
6 3 0
6 2 1
7 2 1
7 1 0
7 0 0
6 0 0
5 0 0
4 0 0
3 0 0
2 0 1
2 1 0
2 2 1
2 3 2
3 3 0
