59
10
8
20
10
10
10
20
10
20
20
10
40
30
30
30
20
20
10
20
10
30
40
20
30
30
20
50
20
30
30
10
10
20
20
10
30
30
30
10
20
10
20
20
10
30
20
10
10
10
10
20
30
30
20
30
20
30
20
10
10
10
40
20
10
30
10
20
20
10
10
30
40
10
10
20
60
10
10
10
20
10
20
46
3 0 0
2 0 1
2 1 1
2 2 0
2 3 0
3 3 0
4 3 0
5 3 3
5 2 0
5 1 1
5 0 1
6 0 0
6 1 0
6 2 0
6 3 2
7 3 0
7 4 3
6 4 0
5 4 0
4 4 0
3 4 0
2 4 1
2 5 0
2 6 0
2 7 2
3 7 3
3 6 0
2 6 0
1 6 2
1 5 1
2 5 0
3 5 0
4 5 0
4 6 1
4 7 2
5 7 0
6 7 3
6 6 0
6 5 1
7 5 0
8 5 1
8 4 0
8 3 1
8 2 1
8 1 1
9 1 0
