58
10
8
20
20
20
10
20
20
20
20
20
10
20
40
30
10
30
10
60
30
30
30
30
30
10
20
10
51
10
40
10
10
40
10
20
10
40
10
20
10
10
10
10
40
30
30
10
30
30
20
20
10
40
10
40
30
10
10
20
10
40
10
30
40
10
10
10
40
10
10
40
40
20
20
20
10
10
10
10
20
10
20
43
3 1 1
3 2 1
3 3 1
2 3 0
1 3 0
1 2 0
0 2 1
0 3 1
0 4 2
1 4 0
2 4 0
3 4 0
4 4 3
4 3 1
4 2 1
5 2 0
6 2 0
6 3 1
6 4 0
7 4 0
8 4 1
8 3 1
8 2 1
8 1 0
7 1 0
6 1 0
5 1 1
5 2 0
5 3 0
5 4 1
5 5 0
5 6 0
5 7 3
4 7 0
3 7 0
2 7 2
2 6 1
2 5 0
2 4 0
2 3 0
2 2 0
2 1 0
2 0 0
