59
10
8
20
10
20
10
10
10
10
20
20
20
30
30
30
20
10
20
10
30
50
20
10
20
10
10
60
10
10
10
10
20
20
20
20
10
40
20
10
10
10
10
10
10
20
20
30
30
10
10
10
10
20
30
20
20
40
10
10
10
10
10
10
20
20
10
10
20
40
40
30
40
30
20
20
10
10
20
20
20
10
20
44
2 2 0
1 2 0
0 2 1
0 3 1
0 4 1
0 5 1
0 6 1
0 7 2
1 7 3
1 6 1
1 5 1
2 5 3
2 4 1
2 3 1
3 3 0
4 3 3
4 2 1
5 2 0
5 3 2
6 3 0
7 3 0
8 3 0
8 4 0
8 5 0
9 5 3
9 4 0
8 4 0
7 4 0
6 4 2
6 3 0
6 2 1
7 2 0
8 2 1
8 1 0
7 1 0
6 1 0
5 1 0
4 1 0
3 1 0
2 1 0
1 1 2
1 0 1
2 0 0
3 0 0
