60
10
8
20
60
10
20
20
20
10
20
10
30
30
10
30
10
30
10
10
20
30
30
40
40
30
20
10
30
20
30
10
20
30
20
20
40
30
40
30
30
30
10
10
30
20
10
20
10
30
20
10
10
20
30
40
40
20
10
20
20
20
30
10
10
10
10
20
30
10
20
40
20
10
10
20
10
53
10
10
10
20
20
45
9 2 3
9 1 1
9 0 0
8 0 1
8 1 0
8 2 1
8 3 3
7 3 0
6 3 0
5 3 0
4 3 0
4 2 0
4 1 1
5 1 0
6 1 0
7 1 0
7 2 3
6 2 1
6 3 0
6 4 0
7 4 0
8 4 0
8 5 3
7 5 0
6 5 1
6 6 2
7 6 0
8 6 0
9 6 0
9 7 3
8 7 0
7 7 0
6 7 0
5 7 2
5 6 0
5 5 1
5 4 0
4 4 0
3 4 0
2 4 0
2 3 0
2 2 0
2 1 0
1 1 0
0 1 0
