58
10
8
20
10
10
10
10
10
10
20
20
20
10
20
20
30
60
10
10
30
10
20
40
30
30
10
20
10
30
30
40
20
30
10
10
30
20
20
10
30
40
50
10
10
40
10
30
20
40
20
20
30
10
10
30
30
30
20
10
30
30
30
30
40
10
10
10
10
10
30
20
20
10
20
20
20
10
10
20
20
10
20
45
4 7 0
3 7 0
2 7 0
1 7 0
0 7 2
0 6 1
0 5 1
0 4 1
0 3 1
0 2 1
0 1 1
0 0 1
1 0 0
1 1 2
2 1 0
3 1 0
4 1 0
5 1 0
6 1 0
7 1 0
8 1 0
9 1 3
9 0 0
8 0 0
7 0 0
6 0 1
6 1 0
6 2 1
6 3 1
6 4 0
6 5 0
6 6 0
6 7 3
5 7 2
5 6 0
4 6 0
4 5 0
4 4 1
4 3 0
3 3 0
2 3 1
2 4 1
1 4 1
1 5 0
1 6 0
