58
10
8
20
20
20
20
60
20
10
20
20
10
10
10
20
30
30
10
51
20
40
10
30
10
30
10
20
30
40
20
20
20
20
10
10
30
10
20
20
10
30
20
10
30
30
40
30
10
30
10
20
30
20
20
30
10
40
10
20
30
10
30
20
30
20
10
10
10
20
10
30
10
20
10
20
20
20
20
10
10
10
20
43
2 0 1
2 1 2
3 1 0
4 1 0
5 1 0
6 1 0
7 1 0
8 1 0
9 1 3
9 0 0
8 0 0
7 0 1
7 1 0
7 2 1
7 3 0
7 4 3
6 4 0
5 4 0
4 4 1
4 5 1
4 6 0
4 7 2
5 7 0
6 7 0
7 7 0
8 7 0
9 7 3
9 6 1
9 5 1
9 4 1
9 3 0
8 3 0
7 3 0
6 3 2
6 2 0
5 2 0
4 2 0
3 2 1
3 3 3
2 3 0
1 3 0
0 3 1
0 4 0
