59
10
8
20
20
10
20
10
10
10
20
20
10
20
30
20
30
10
10
10
20
40
30
30
10
10
20
10
10
10
10
10
10
30
10
10
40
10
20
30
10
20
20
20
30
20
52
20
10
10
10
10
10
20
30
20
30
10
20
20
40
40
10
10
10
40
20
20
30
20
20
10
40
40
10
20
10
20
20
60
10
20
20
42
5 3 2
6 3 0
7 3 0
8 3 3
8 2 0
7 2 0
7 1 0
6 1 0
5 1 0
4 1 1
4 2 1
4 3 3
3 3 0
2 3 0
1 3 0
0 3 1
0 4 1
0 5 1
0 6 1
0 7 2
1 7 0
2 7 3
2 6 1
2 5 1
2 4 0
2 3 0
2 2 0
1 2 2
1 1 1
1 0 1
2 0 0
3 0 0
4 0 0
5 0 0
5 1 0
5 2 2
6 2 0
6 3 0
6 4 2
7 4 0
8 4 0
9 4 0
