60
10
8
20
10
10
20
20
20
10
20
20
10
10
10
30
40
40
20
10
40
40
10
30
30
52
10
10
30
30
20
10
40
40
10
10
30
30
30
30
30
10
20
20
30
40
20
30
30
30
20
10
40
30
30
40
30
30
10
20
30
30
20
20
10
30
10
20
60
30
30
30
10
40
10
20
20
10
10
10
10
10
20
46
2 6 2
3 6 1
3 5 0
2 5 0
1 5 0
1 4 0
1 3 1
1 2 1
1 1 1
1 0 1
2 0 0
3 0 0
4 0 0
5 0 0
5 1 0
5 2 1
4 2 0
3 2 0
2 2 0
2 1 1
3 1 0
4 1 0
5 1 0
6 1 0
6 2 0
6 3 0
6 4 0
7 4 3
7 3 0
6 3 0
5 3 1
5 4 0
5 5 0
5 6 0
5 7 2
6 7 0
7 7 0
8 7 0
9 7 3
9 6 1
9 5 1
9 4 1
9 3 1
9 2 1
9 1 0
8 1 0
