61
10
8
20
10
20
20
10
10
10
20
10
20
10
10
10
20
40
20
10
20
40
40
40
20
10
20
10
10
40
40
10
10
20
10
10
60
10
10
52
10
40
10
10
10
40
10
30
20
10
10
20
20
20
40
10
40
10
10
10
10
40
40
20
40
40
20
20
20
10
10
30
10
20
20
20
10
10
10
10
10
10
20
44
4 4 2
5 4 0
6 4 0
7 4 3
7 3 0
6 3 0
6 2 0
5 2 1
5 3 1
5 4 0
5 5 3
4 5 0
3 5 0
2 5 1
2 6 1
2 7 2
3 7 0
4 7 0
5 7 0
6 7 0
7 7 3
7 6 1
8 6 3
8 5 1
8 4 0
8 3 1
8 2 1
8 1 0
7 1 0
6 1 2
6 0 0
5 0 0
4 0 0
3 0 0
2 0 0
1 0 0
0 0 1
0 1 1
0 2 2
1 2 0
2 2 1
2 1 1
3 1 0
4 1 0
