61
10
8
20
20
20
10
20
20
20
20
20
10
20
20
30
40
20
10
20
30
10
10
10
10
20
10
20
10
30
20
20
30
30
10
20
10
52
10
10
10
20
20
20
10
30
40
30
20
10
20
20
20
20
30
10
10
10
10
20
20
20
30
10
20
20
20
10
10
30
10
10
20
20
20
20
20
10
20
10
60
10
20
43
4 2 2
5 2 0
6 2 3
6 1 0
5 1 0
4 1 0
3 1 0
2 1 0
1 1 0
0 1 1
0 2 2
1 2 0
1 3 2
2 3 0
3 3 0
3 4 3
2 4 0
1 4 0
0 4 1
0 5 2
1 5 0
1 6 3
0 6 1
0 7 2
1 7 0
2 7 0
3 7 0
4 7 3
4 6 1
5 6 0
6 6 0
7 6 3
7 5 0
6 5 0
5 5 2
5 4 0
5 3 1
6 3 0
7 3 0
8 3 0
9 3 0
9 4 1
9 5 0
