62
10
8
20
20
20
10
20
10
20
20
20
20
40
30
30
40
30
10
10
20
40
30
40
10
30
10
20
30
30
30
40
30
10
10
52
30
40
30
30
10
30
10
20
10
40
20
30
30
40
10
20
10
30
30
30
30
30
20
20
20
20
20
10
30
30
60
10
30
10
30
20
30
30
20
20
10
10
10
10
20
20
20
47
4 0 2
5 0 0
5 1 1
5 2 0
6 2 0
7 2 0
7 3 3
6 3 0
5 3 1
5 4 0
5 5 0
5 6 0
6 6 0
7 6 0
8 6 0
9 6 3
9 5 0
8 5 0
7 5 0
6 5 0
5 5 0
4 5 0
3 5 0
2 5 0
1 5 0
1 4 0
1 3 0
1 2 0
0 2 2
0 1 1
1 1 3
1 0 1
2 0 0
3 0 0
3 1 0
3 2 0
3 3 0
3 4 0
4 4 0
5 4 0
6 4 0
7 4 0
8 4 0
8 5 0
8 6 0
8 7 3
7 7 0
