61
10
8
20
10
60
20
20
10
10
20
10
40
20
20
10
10
30
10
20
10
30
20
30
10
10
10
10
30
30
20
20
20
30
10
10
10
30
10
10
20
30
10
10
10
10
40
10
30
10
20
10
40
10
30
10
10
20
20
20
10
10
20
10
10
20
20
20
30
10
10
20
20
10
20
20
20
10
10
10
20
51
20
48
9 6 1
9 7 3
8 7 2
8 6 1
8 5 1
9 5 3
9 4 1
9 3 1
9 2 1
9 1 0
8 1 0
7 1 0
6 1 1
6 2 1
6 3 0
6 4 1
6 5 1
6 6 2
7 6 3
7 5 1
7 4 1
7 3 0
6 3 0
5 3 1
5 4 1
5 5 0
5 6 1
5 7 3
4 7 0
3 7 0
2 7 0
1 7 0
0 7 2
0 6 1
0 5 1
0 4 1
1 4 0
2 4 0
3 4 3
3 3 0
2 3 2
2 2 0
2 1 1
2 0 0
1 0 0
0 0 1
0 1 1
0 2 0
