60
10
8
20
20
10
10
10
10
53
20
10
20
30
30
10
20
30
10
20
10
40
30
40
40
40
10
10
10
30
10
40
20
40
20
10
30
10
10
10
10
10
10
10
30
40
40
20
20
10
10
20
30
10
30
10
40
30
10
10
30
10
10
30
30
20
10
20
10
40
40
40
40
10
20
20
10
10
20
20
10
60
20
46
0 6 3
0 5 1
0 4 1
0 3 1
0 2 1
0 1 1
1 1 0
1 2 0
1 3 0
1 4 1
1 5 2
2 5 0
2 6 0
3 6 0
3 7 2
4 7 0
5 7 0
6 7 0
7 7 0
8 7 3
8 6 1
8 5 0
7 5 0
6 5 0
6 4 1
6 3 0
6 2 1
6 1 0
6 0 0
5 0 0
4 0 0
3 0 0
2 0 1
2 1 1
2 2 0
3 2 0
4 2 0
5 2 0
5 3 0
6 3 0
7 3 0
8 3 0
8 4 0
9 4 0
9 5 1
9 6 0
