59
10
8
20
10
10
10
10
10
20
20
10
30
10
30
10
30
30
20
10
20
30
30
10
10
20
20
10
30
30
30
30
30
20
20
20
30
40
40
20
20
10
20
20
10
10
10
40
30
10
10
20
30
30
30
10
30
20
10
10
30
10
30
30
10
20
20
20
20
10
30
30
30
20
20
20
10
50
10
20
10
20
60
46
9 2 0
8 2 0
7 2 0
6 2 0
5 2 0
4 2 0
4 1 0
4 0 0
3 0 0
2 0 0
1 0 0
0 0 1
0 1 1
0 2 1
0 3 1
0 4 1
0 5 1
0 6 2
1 6 0
2 6 3
2 5 1
2 4 1
2 3 0
2 2 0
2 1 1
3 1 0
4 1 0
5 1 0
6 1 0
7 1 0
8 1 3
8 0 0
7 0 0
6 0 1
6 1 0
6 2 0
6 3 0
6 4 1
6 5 0
6 6 2
7 6 0
7 7 2
8 7 3
8 6 1
9 6 0
9 7 0
