59
10
8
20
10
20
10
10
10
20
20
10
20
20
20
20
30
30
20
10
20
30
20
40
10
10
10
20
10
10
30
10
10
30
20
20
10
30
10
10
10
20
10
10
20
10
30
10
30
20
20
20
20
10
30
30
10
30
10
20
30
40
10
10
20
20
20
10
40
30
10
10
40
10
20
20
10
10
10
53
60
20
20
44
9 4 3
9 3 1
9 2 1
9 1 1
9 0 0
8 0 0
7 0 1
7 1 0
7 2 1
6 2 0
5 2 0
4 2 0
3 2 0
2 2 0
1 2 1
1 3 2
2 3 0
2 4 1
1 4 1
1 5 0
1 6 0
1 7 3
0 7 2
0 6 1
1 6 0
2 6 0
3 6 0
4 6 3
4 5 1
4 4 1
4 3 1
4 2 0
4 1 1
4 0 1
5 0 0
6 0 0
6 1 2
7 1 0
8 1 0
8 2 0
8 3 1
8 4 1
8 5 0
9 5 0
