58
10
8
20
20
10
20
10
10
10
20
20
10
10
10
20
10
30
10
10
20
10
40
10
10
10
20
20
30
40
10
50
20
10
60
10
20
10
10
20
20
10
20
10
10
10
20
10
10
20
10
10
40
10
10
10
30
10
10
20
30
30
40
20
20
10
10
10
40
20
10
10
10
20
20
20
20
20
10
20
10
20
20
42
3 4 0
2 4 0
1 4 2
1 3 1
1 2 1
1 1 1
1 0 1
2 0 0
3 0 0
3 1 0
3 2 0
4 2 0
5 2 0
6 2 0
7 2 0
8 2 3
8 1 1
9 1 3
9 0 0
8 0 0
7 0 1
7 1 0
7 2 0
7 3 1
6 3 0
5 3 1
5 4 1
5 5 1
5 6 2
6 6 0
7 6 0
8 6 0
8 7 3
7 7 0
6 7 0
5 7 0
4 7 2
4 6 1
4 5 0
3 5 1
3 6 1
3 7 0
