61
10
8
60
10
20
10
10
10
10
20
20
40
20
30
30
10
10
20
10
10
30
20
30
10
20
10
20
10
40
10
40
20
40
20
50
10
20
30
10
20
40
20
10
40
20
30
20
10
10
10
10
30
10
10
10
30
30
10
10
30
10
20
30
10
20
10
20
40
10
10
40
10
20
10
20
20
10
10
20
10
10
20
47
4 0 0
3 0 1
3 1 1
3 2 0
4 2 0
4 3 0
4 4 1
4 5 3
3 5 1
3 6 0
4 6 0
4 7 2
5 7 0
6 7 0
7 7 0
8 7 0
9 7 3
9 6 1
9 5 1
9 4 0
8 4 1
8 5 1
8 6 3
7 6 2
7 5 1
7 4 0
7 3 0
6 3 0
5 3 0
4 3 0
3 3 0
2 3 1
2 4 0
2 5 1
2 6 2
3 6 0
3 7 3
2 7 0
1 7 2
1 6 1
1 5 1
1 4 0
1 3 0
1 2 0
0 2 2
0 1 1
0 0 0
