58
10
8
20
20
20
20
10
20
10
20
20
10
40
40
40
10
40
10
20
10
10
60
30
10
40
10
10
10
40
30
10
10
10
20
10
10
10
40
30
10
10
10
10
10
10
20
30
40
10
20
10
10
10
10
10
40
10
20
20
30
40
20
40
30
10
20
10
40
10
10
40
10
10
10
20
10
10
53
10
10
20
20
44
9 3 3
9 2 1
9 1 1
9 0 0
8 0 0
7 0 1
7 1 0
7 2 1
6 2 0
5 2 0
4 2 0
3 2 1
3 3 0
3 4 1
3 5 1
3 6 1
3 7 2
4 7 0
5 7 3
5 6 1
5 5 1
6 5 0
6 6 1
6 7 2
7 7 3
7 6 1
7 5 0
7 4 1
8 4 1
8 3 1
8 2 1
8 1 0
7 1 0
6 1 0
5 1 0
4 1 0
3 1 0
2 1 0
1 1 0
0 1 1
0 2 2
1 2 0
1 3 0
2 3 0
