62
10
8
20
20
10
10
10
20
20
20
20
10
10
30
20
20
20
20
10
20
10
20
20
20
10
10
20
20
10
30
10
10
20
10
20
10
20
20
10
20
20
10
20
10
30
10
52
20
30
10
20
20
10
10
10
20
20
20
20
20
10
10
20
20
40
10
20
20
20
30
20
10
60
10
20
20
20
20
10
10
20
20
42
5 4 2
6 4 0
7 4 0
7 5 3
6 5 1
6 6 3
5 6 0
4 6 2
4 5 0
3 5 0
2 5 2
2 4 0
1 4 2
1 3 0
1 2 1
1 1 1
1 0 1
2 0 0
3 0 0
3 1 2
4 1 0
5 1 0
6 1 3
6 0 1
7 0 0
7 1 2
8 1 0
8 2 3
7 2 0
6 2 0
5 2 0
4 2 1
4 3 2
5 3 0
6 3 0
7 3 0
8 3 0
9 3 0
9 4 1
9 5 1
9 6 3
8 6 0
