58
10
8
20
10
10
10
10
20
10
20
20
10
20
10
30
30
60
10
20
20
30
10
10
10
30
10
20
10
30
40
20
10
10
10
20
30
20
20
30
50
20
10
10
10
20
10
30
20
10
10
10
30
10
20
20
10
10
10
20
20
10
10
10
20
10
20
20
20
10
20
10
10
20
20
20
10
20
10
10
20
20
20
43
4 5 0
3 5 0
2 5 0
1 5 0
0 5 1
0 6 1
0 7 2
1 7 0
2 7 0
3 7 0
4 7 0
5 7 0
6 7 0
7 7 3
7 6 1
7 5 0
6 5 0
5 5 2
5 4 0
5 3 1
5 2 1
6 2 0
7 2 0
8 2 0
9 2 3
9 1 1
9 0 0
8 0 1
8 1 3
7 1 2
7 0 0
6 0 0
5 0 0
4 0 1
4 1 0
4 2 3
3 2 0
2 2 0
1 2 1
1 3 1
1 4 0
1 5 0
1 6 0
