59
10
8
20
20
20
10
10
20
20
20
10
20
50
10
20
10
10
10
10
30
20
10
20
10
60
10
10
20
10
10
40
40
30
10
20
30
20
10
10
20
20
10
20
30
20
20
10
20
10
10
10
10
10
20
30
20
20
10
10
20
30
10
10
10
20
10
10
20
40
30
20
20
30
10
20
10
20
10
10
10
20
20
44
1 2 0
0 2 1
0 3 1
0 4 1
0 5 2
1 5 0
2 5 0
3 5 1
3 4 0
2 4 2
2 3 1
2 2 1
3 2 0
4 2 3
4 1 0
4 0 1
5 0 0
5 1 0
5 2 2
6 2 0
7 2 0
8 2 1
8 1 0
7 1 1
7 2 0
7 3 1
7 4 1
7 5 1
7 6 2
8 6 0
9 6 0
9 7 3
8 7 0
7 7 0
6 7 0
5 7 0
4 7 0
3 7 0
2 7 0
1 7 0
0 7 2
0 6 1
1 6 0
2 6 0
