60
10
8
20
10
20
20
20
20
20
20
20
10
30
20
20
30
20
10
20
10
20
30
10
30
20
10
10
10
20
30
30
30
30
20
10
30
10
20
10
20
20
10
10
20
10
20
30
10
10
10
20
10
30
10
20
20
30
20
20
10
10
10
20
30
20
10
10
30
50
30
30
10
10
10
20
10
10
60
10
10
10
20
47
8 2 0
7 2 0
6 2 0
5 2 0
4 2 0
3 2 1
3 3 0
3 4 0
3 5 0
3 6 0
3 7 3
2 7 0
1 7 0
0 7 2
0 6 1
1 6 3
1 5 0
1 4 0
0 4 2
0 3 1
1 3 3
1 2 0
1 1 1
1 0 0
0 0 1
0 1 1
0 2 2
1 2 0
2 2 0
2 3 0
2 4 1
2 5 0
2 6 2
3 6 0
4 6 3
4 5 1
5 5 0
6 5 0
6 6 0
6 7 2
7 7 0
8 7 0
9 7 3
9 6 1
9 5 1
9 4 1
9 3 0
