59
10
8
20
20
10
10
10
20
10
20
10
20
10
20
10
40
10
10
20
20
20
40
40
30
10
20
10
30
30
40
20
30
30
10
20
10
10
20
10
20
20
20
10
40
20
10
30
20
20
20
10
30
20
20
10
30
20
20
10
30
10
10
20
30
10
20
10
10
40
20
20
10
30
20
60
10
20
10
10
51
10
20
42
9 5 1
9 6 1
9 7 3
8 7 2
8 6 0
8 5 1
8 4 0
7 4 1
7 5 0
7 6 1
7 7 3
6 7 2
6 6 0
5 6 2
5 5 0
4 5 2
4 4 1
4 3 0
3 3 1
3 4 3
2 4 0
2 3 0
1 3 2
1 2 1
1 1 0
0 1 2
0 0 1
1 0 0
2 0 0
2 1 2
3 1 0
4 1 0
5 1 0
5 2 2
6 2 0
6 3 2
7 3 0
8 3 3
8 2 1
9 2 3
9 1 1
9 0 0
