58
10
8
20
10
10
20
20
10
10
53
20
40
30
40
40
10
40
10
20
40
20
40
40
10
40
10
10
10
10
60
10
40
10
10
10
10
10
10
10
20
10
20
10
40
10
30
20
30
10
10
10
30
40
10
20
40
20
10
10
20
10
10
20
10
10
10
10
10
40
20
10
20
10
10
20
10
10
20
20
10
10
20
44
0 7 3
0 6 1
0 5 1
0 4 1
1 4 1
1 3 0
0 3 2
0 2 1
0 1 1
0 0 1
1 0 0
1 1 0
2 1 1
2 0 1
3 0 0
4 0 0
5 0 0
6 0 0
7 0 0
8 0 0
9 0 0
9 1 1
9 2 1
9 3 3
8 3 1
8 4 1
8 5 3
7 5 0
6 5 0
6 4 1
7 4 3
7 3 1
7 2 1
7 1 0
6 1 0
5 1 1
5 2 1
5 3 0
5 4 3
4 4 0
3 4 0
2 4 0
2 3 1
3 3 0
