61
10
8
20
20
20
20
10
20
10
20
10
10
40
10
40
10
40
20
20
20
40
10
40
10
20
10
20
30
40
30
10
40
10
10
10
40
10
10
10
10
10
20
20
10
40
10
30
40
30
10
20
30
30
30
30
30
40
20
20
10
30
20
30
40
10
20
60
30
30
40
20
51
10
20
20
10
10
10
10
20
10
20
44
8 5 1
8 6 1
8 7 3
7 7 2
7 6 1
7 5 0
6 5 0
5 5 0
5 4 0
5 3 1
5 2 0
4 2 0
3 2 0
3 1 0
3 0 0
2 0 1
2 1 3
1 1 0
0 1 1
0 2 2
1 2 0
1 3 1
1 4 0
2 4 0
2 5 1
2 6 2
3 6 0
4 6 0
5 6 0
6 6 1
6 5 0
6 4 0
6 3 0
6 2 0
6 1 0
6 0 1
7 0 0
7 1 1
7 2 0
7 3 2
8 3 1
8 2 0
8 1 0
8 0 0
