58
10
8
20
10
10
10
10
20
20
20
10
10
10
60
20
40
20
20
10
20
10
10
20
10
20
20
20
10
10
20
20
30
10
20
10
10
30
10
10
10
10
20
10
40
10
40
10
10
20
10
10
40
20
10
20
10
10
20
10
20
20
10
10
20
53
20
10
20
10
10
20
10
10
20
20
10
10
10
20
10
20
20
42
7 6 3
7 5 0
6 5 0
5 5 0
4 5 0
3 5 0
2 5 0
1 5 1
1 6 2
2 6 0
2 7 2
3 7 3
3 6 1
3 5 0
3 4 1
4 4 0
5 4 0
6 4 3
6 3 1
6 2 1
7 2 3
7 1 1
8 1 0
8 2 1
8 3 1
8 4 2
9 4 3
9 3 1
9 2 1
9 1 1
9 0 0
8 0 0
7 0 0
6 0 0
5 0 0
4 0 0
3 0 1
3 1 1
3 2 1
3 3 3
2 3 0
1 3 0
