58
10
8
20
10
10
10
10
10
20
20
50
30
10
20
30
10
20
10
20
10
60
10
30
40
20
10
20
20
20
10
10
20
10
20
10
10
30
10
10
30
10
10
10
20
20
10
10
30
10
10
10
20
20
30
10
20
30
10
20
20
20
30
20
30
20
10
10
30
40
10
20
20
20
10
20
10
20
20
10
10
10
20
44
1 0 0
0 0 1
0 1 1
0 2 1
0 3 1
0 4 1
0 5 1
0 6 2
1 6 3
1 5 1
1 4 0
1 3 1
2 3 0
3 3 0
4 3 0
5 3 0
6 3 0
7 3 0
8 3 0
9 3 0
9 4 1
9 5 1
9 6 1
9 7 3
8 7 0
7 7 0
6 7 0
5 7 0
4 7 0
3 7 2
3 6 1
3 5 1
4 5 0
5 5 0
6 5 3
6 4 1
6 3 0
6 2 0
5 2 2
5 1 0
4 1 0
3 1 1
3 2 3
2 2 0
