59
10
8
20
20
10
20
10
10
10
20
10
20
30
20
30
10
10
10
20
20
30
10
10
30
40
10
10
10
20
10
20
20
10
20
10
30
20
10
20
20
10
10
20
20
10
10
30
30
60
10
10
10
30
10
30
10
10
10
10
30
10
10
20
20
10
10
20
10
30
30
10
40
40
20
20
10
20
20
53
10
10
20
47
9 4 3
9 3 0
8 3 0
7 3 0
6 3 0
5 3 0
4 3 0
3 3 0
2 3 0
1 3 2
1 2 0
1 1 0
0 1 2
0 0 1
1 0 0
2 0 0
2 1 2
3 1 0
4 1 0
5 1 3
5 0 1
6 0 0
7 0 0
8 0 0
8 1 1
8 2 0
8 3 0
8 4 1
8 5 1
7 5 2
7 4 0
6 4 0
5 4 0
4 4 1
4 5 3
3 5 1
3 6 1
3 7 2
4 7 0
5 7 0
6 7 0
7 7 0
8 7 3
8 6 0
7 6 0
6 6 0
5 6 0
