58
10
8
20
10
10
10
10
10
10
20
20
20
10
10
40
40
40
10
20
30
10
40
53
40
20
10
20
40
10
10
10
30
20
10
10
40
10
20
10
10
40
10
20
30
30
10
10
30
40
10
20
30
40
30
20
30
40
20
20
10
10
40
10
30
20
20
60
10
30
20
30
20
10
20
20
10
10
10
10
10
10
20
43
2 4 3
2 3 1
3 3 0
4 3 0
4 4 1
4 5 1
4 6 0
5 6 1
5 5 0
5 4 1
5 3 1
5 2 0
5 1 0
5 0 0
4 0 0
3 0 1
3 1 1
2 1 0
1 1 2
1 0 0
0 0 1
0 1 1
0 2 1
0 3 1
0 4 1
0 5 1
0 6 1
0 7 2
1 7 0
2 7 0
3 7 0
4 7 0
5 7 0
6 7 3
6 6 1
7 6 3
7 5 0
7 4 1
7 3 1
8 3 3
8 2 0
8 1 1
8 0 0
