58
10
8
20
20
20
10
10
20
20
20
10
20
30
30
30
10
20
20
10
20
20
20
10
40
30
10
10
30
30
10
30
30
30
10
10
10
30
10
30
40
30
10
10
30
20
10
20
30
20
20
10
30
30
20
30
10
30
20
10
30
10
60
30
30
52
20
20
30
30
30
20
30
30
10
20
20
20
10
10
10
20
20
46
7 6 2
8 6 0
9 6 3
9 5 1
9 4 1
9 3 1
9 2 0
8 2 0
7 2 0
6 2 0
5 2 1
5 3 1
5 4 2
6 4 0
7 4 0
8 4 3
8 3 0
8 2 0
8 1 0
8 0 0
7 0 0
6 0 0
5 0 0
4 0 0
3 0 0
2 0 0
1 0 0
0 0 1
0 1 2
1 1 0
1 2 0
1 3 0
1 4 0
1 5 1
1 6 2
2 6 0
3 6 0
4 6 0
5 6 0
5 7 2
6 7 3
6 6 0
6 5 1
6 4 0
6 3 1
7 3 0
