59
10
8
20
10
10
60
10
20
10
20
10
30
20
53
30
20
10
10
10
20
20
30
20
20
30
20
10
10
10
20
20
10
10
20
20
10
30
10
10
10
20
10
10
40
20
30
10
20
10
10
20
20
10
10
10
10
30
20
20
40
30
30
30
10
30
10
10
30
30
10
20
20
10
10
20
10
10
10
10
10
20
20
46
1 3 3
1 2 1
2 2 0
2 3 0
2 4 2
3 4 0
3 5 1
3 6 1
3 7 2
4 7 0
5 7 0
6 7 3
6 6 0
6 5 1
6 4 1
6 3 1
6 2 1
6 1 1
7 1 1
7 0 1
8 0 0
9 0 0
9 1 1
9 2 1
9 3 1
9 4 1
9 5 1
9 6 3
8 6 0
7 6 0
6 6 0
5 6 0
4 6 2
4 5 1
4 4 1
4 3 1
4 2 0
4 1 1
4 0 0
3 0 0
2 0 0
1 0 0
0 0 1
0 1 1
0 2 1
0 3 0
