58
10
8
20
10
20
10
20
10
10
52
20
10
30
40
10
40
10
20
20
30
10
10
40
30
10
20
10
10
10
30
30
20
20
60
10
30
10
20
30
10
40
10
10
40
40
10
30
40
20
20
20
10
30
30
10
10
30
10
20
30
30
20
10
20
10
10
20
10
40
20
30
10
20
20
20
10
10
20
20
20
20
20
42
0 7 2
1 7 3
1 6 1
1 5 1
2 5 0
3 5 0
3 6 2
4 6 1
4 5 1
4 4 0
4 3 0
3 3 0
2 3 0
1 3 0
1 2 0
1 1 1
1 0 0
0 0 1
0 1 1
0 2 2
1 2 0
2 2 0
3 2 0
4 2 0
5 2 0
5 3 1
5 4 0
5 5 0
6 5 0
7 5 3
7 4 1
7 3 1
8 3 0
8 4 0
8 5 1
8 6 3
7 6 0
6 6 0
5 6 1
5 7 3
4 7 0
3 7 0
