62
10
8
20
20
20
20
20
10
20
20
20
53
40
40
30
30
40
10
10
30
30
20
30
30
30
10
10
20
30
10
30
20
20
10
10
10
30
40
40
20
30
10
10
30
40
10
30
30
40
20
20
30
40
40
10
10
30
10
10
30
10
30
30
40
40
20
10
30
20
10
30
30
10
20
20
60
10
20
20
10
20
20
47
1 1 3
1 0 1
2 0 0
3 0 0
4 0 0
5 0 0
6 0 0
6 1 0
6 2 0
7 2 0
8 2 0
8 3 1
8 4 0
8 5 0
8 6 1
8 7 3
7 7 2
7 6 0
6 6 0
5 6 0
5 5 0
5 4 0
5 3 1
5 2 0
4 2 0
3 2 0
2 2 0
1 2 1
1 3 1
0 3 1
0 4 2
1 4 0
2 4 0
3 4 0
4 4 0
4 5 3
3 5 2
3 4 0
3 3 1
3 2 0
3 1 1
4 1 0
5 1 0
6 1 0
7 1 0
8 1 0
9 1 0
