61
10
8
60
20
10
10
10
10
20
20
20
10
10
10
10
20
40
20
10
10
10
40
20
10
10
20
10
10
20
10
20
10
10
20
20
10
40
10
10
20
10
20
10
10
10
40
20
40
40
10
10
10
20
20
40
40
10
20
10
20
10
10
10
10
20
20
20
10
20
10
10
20
30
20
20
20
20
20
20
10
53
20
42
9 6 3
9 5 1
9 4 0
8 4 0
7 4 0
6 4 0
6 3 1
7 3 0
8 3 0
9 3 3
9 2 0
8 2 2
8 1 1
8 0 0
7 0 0
6 0 0
5 0 0
4 0 1
4 1 1
4 2 1
3 2 1
3 3 1
3 4 2
4 4 0
5 4 0
5 5 0
6 5 0
6 6 1
6 7 3
5 7 0
4 7 2
4 6 1
4 5 0
3 5 0
2 5 0
1 5 2
1 4 1
1 3 1
1 2 1
1 1 1
1 0 0
0 0 0
