58
10
8
20
10
10
10
10
10
10
20
10
40
20
30
20
20
40
10
20
20
10
20
20
10
10
53
10
20
40
10
30
10
10
20
10
20
10
10
10
20
10
10
10
10
20
10
10
30
60
10
20
10
10
20
30
30
10
10
10
10
30
20
30
10
10
10
20
30
30
10
40
10
30
10
20
20
20
20
10
20
10
20
45
2 7 3
2 6 1
2 5 1
2 4 0
1 4 2
1 3 0
1 2 1
2 2 0
3 2 0
3 3 1
3 4 0
3 5 1
3 6 1
3 7 2
4 7 0
5 7 0
6 7 0
7 7 0
8 7 0
9 7 3
9 6 1
9 5 0
8 5 0
7 5 0
6 5 0
5 5 0
4 5 2
4 4 1
4 3 1
4 2 1
4 1 1
5 1 0
6 1 0
7 1 0
8 1 0
9 1 0
9 2 3
8 2 0
7 2 0
6 2 0
5 2 1
5 3 1
5 4 1
5 5 0
5 6 0
