58
10
8
20
20
10
10
60
20
10
20
10
20
10
30
20
10
10
10
20
30
10
20
30
20
40
10
20
40
30
10
10
10
20
10
10
40
30
30
10
30
40
10
10
40
20
10
30
20
30
20
20
30
10
20
30
40
20
10
20
30
10
30
20
10
20
10
20
50
30
10
30
20
30
20
20
20
20
10
20
20
10
20
42
8 1 0
7 1 0
6 1 0
5 1 1
5 2 2
6 2 0
7 2 0
8 2 0
9 2 0
9 3 1
9 4 3
8 4 0
7 4 1
7 5 1
7 6 3
6 6 2
6 5 0
5 5 1
5 6 0
5 7 3
4 7 0
3 7 0
2 7 0
1 7 0
0 7 2
0 6 1
0 5 1
1 5 0
2 5 0
2 6 0
3 6 3
3 5 1
3 4 1
3 3 1
3 2 0
3 1 0
2 1 0
1 1 1
1 2 1
1 3 0
1 4 3
0 4 0
