58
10
8
20
20
10
10
10
10
20
20
10
40
10
30
40
10
10
10
10
40
10
30
10
40
30
10
20
10
30
20
10
30
10
10
20
10
10
10
10
40
20
10
20
40
20
10
40
40
10
10
20
10
30
20
10
10
20
10
20
40
10
10
10
10
50
10
10
60
10
10
10
10
10
20
20
10
20
10
10
20
20
20
45
7 6 0
6 6 2
6 5 1
6 4 1
6 3 0
5 3 0
4 3 0
3 3 2
3 2 0
3 1 1
3 0 0
2 0 0
1 0 0
0 0 1
0 1 2
1 1 0
1 2 1
1 3 0
1 4 0
2 4 0
3 4 0
4 4 0
5 4 0
5 5 1
4 5 1
4 6 3
3 6 0
2 6 0
1 6 0
0 6 1
0 7 2
1 7 0
2 7 0
3 7 0
4 7 0
5 7 0
6 7 0
7 7 0
8 7 3
8 6 1
8 5 1
8 4 1
8 3 1
8 2 1
8 1 0
