60
10
8
51
20
10
60
10
10
10
20
20
20
40
40
30
10
10
10
10
30
40
30
30
20
30
20
20
40
20
30
30
40
10
10
20
30
10
30
40
40
10
20
20
40
10
40
30
20
40
10
10
40
40
10
10
10
30
20
10
10
10
10
40
10
30
10
10
20
30
40
10
30
40
20
20
20
10
20
10
10
20
20
44
0 0 1
0 1 2
1 1 3
1 0 1
2 0 0
3 0 0
3 1 0
4 1 0
5 1 1
5 0 1
6 0 0
7 0 0
8 0 0
9 0 0
9 1 3
8 1 1
8 2 0
8 3 0
9 3 0
9 4 1
9 5 1
9 6 3
8 6 1
8 7 3
7 7 0
6 7 2
6 6 0
6 5 1
6 4 1
6 3 1
6 2 0
5 2 0
4 2 0
3 2 1
3 3 0
3 4 0
3 5 1
2 5 2
2 4 0
2 3 0
2 2 0
1 2 1
1 3 1
0 3 0
