60
10
8
20
20
20
10
10
10
20
20
10
30
10
20
10
30
10
10
10
40
20
20
10
20
20
60
10
20
10
30
20
30
10
20
10
30
10
10
20
30
10
20
10
10
10
10
10
10
20
10
10
20
30
30
50
40
30
10
10
10
20
20
10
10
30
10
10
10
10
10
20
30
20
10
20
10
20
20
20
10
20
20
46
6 4 0
5 4 0
4 4 1
4 5 0
4 6 1
4 7 2
5 7 0
6 7 0
7 7 0
8 7 0
9 7 3
9 6 0
8 6 2
8 5 0
8 4 1
9 4 3
9 3 0
8 3 0
7 3 2
7 2 1
8 2 0
9 2 3
9 1 1
9 0 0
8 0 0
7 0 0
6 0 0
5 0 0
4 0 0
3 0 0
2 0 0
1 0 0
0 0 1
0 1 2
1 1 0
2 1 0
2 2 3
1 2 0
0 2 1
0 3 1
0 4 1
0 5 1
0 6 2
1 6 0
2 6 0
2 7 0
