58
10
8
20
20
10
10
10
20
10
20
20
20
10
20
10
10
30
10
10
20
10
10
30
30
10
10
10
10
60
10
30
30
40
20
20
40
20
10
10
10
30
10
20
10
20
20
30
30
20
10
10
10
20
10
30
40
20
10
10
40
10
10
30
20
10
10
10
30
20
10
20
10
10
10
20
20
10
10
10
20
20
50
46
9 7 0
8 7 0
7 7 0
6 7 0
5 7 0
4 7 0
3 7 2
3 6 1
4 6 0
5 6 3
5 5 0
5 4 0
5 3 0
4 3 0
3 3 0
2 3 0
1 3 2
1 2 1
1 1 0
0 1 1
0 2 1
0 3 1
0 4 1
0 5 2
1 5 0
2 5 0
3 5 0
4 5 0
5 5 0
6 5 0
6 6 2
7 6 0
8 6 0
9 6 3
9 5 0
8 5 0
7 5 2
7 4 0
7 3 1
7 2 1
7 1 0
6 1 0
5 1 0
4 1 1
4 2 3
3 2 0
