58
10
8
20
10
10
10
10
60
10
20
20
10
30
10
40
20
30
20
10
30
51
20
40
20
10
10
10
40
20
10
30
10
10
20
10
10
20
10
30
20
30
10
10
20
30
10
20
10
30
10
10
30
30
30
30
10
10
10
10
10
20
10
20
30
30
20
10
20
30
30
20
20
30
20
20
20
10
20
10
20
20
20
44
2 2 1
2 3 2
3 3 0
4 3 0
5 3 0
6 3 0
7 3 0
8 3 0
9 3 0
9 4 1
9 5 3
8 5 1
8 6 0
8 7 3
7 7 2
7 6 0
7 5 0
7 4 1
8 4 3
8 3 0
8 2 0
8 1 1
9 1 3
9 0 0
8 0 0
7 0 0
6 0 0
5 0 0
4 0 0
3 0 0
2 0 0
1 0 1
1 1 1
1 2 0
1 3 1
1 4 0
2 4 0
2 5 3
1 5 1
1 6 0
1 7 3
0 7 2
0 6 1
0 5 0
