61
10
8
20
20
10
10
10
20
20
20
10
20
10
30
30
20
20
20
10
10
20
20
20
10
10
10
20
30
30
20
10
20
30
20
20
10
30
30
20
30
20
10
10
20
20
30
20
10
20
10
10
30
20
40
30
20
40
20
10
20
30
10
30
20
10
10
10
10
10
20
20
20
53
20
20
10
60
20
10
10
20
20
44
8 6 3
8 5 0
7 5 2
7 4 0
7 3 1
7 2 0
7 1 0
6 1 0
5 1 1
5 2 2
6 2 0
6 3 1
5 3 0
4 3 0
3 3 2
3 2 0
3 1 0
3 0 0
2 0 0
1 0 0
0 0 1
0 1 2
1 1 0
1 2 1
1 3 0
1 4 0
1 5 2
2 5 0
3 5 0
3 6 0
3 7 2
4 7 0
5 7 0
6 7 3
6 6 0
5 6 2
5 5 1
5 4 1
6 4 0
7 4 0
8 4 3
8 3 1
9 3 3
9 2 0
