61
10
8
20
20
20
20
10
10
10
20
10
20
10
20
20
40
40
10
10
30
20
30
20
20
30
10
60
20
40
30
10
52
20
10
10
20
40
20
20
10
40
20
10
30
20
20
20
30
30
10
10
40
40
20
40
20
30
10
10
20
20
30
10
20
20
20
10
30
30
10
20
10
10
10
20
10
10
10
10
10
10
20
44
3 5 2
4 5 0
5 5 0
6 5 3
6 4 0
5 4 2
5 3 0
4 3 2
4 2 0
3 2 0
3 1 0
2 1 0
1 1 1
1 2 1
1 3 3
0 3 1
0 4 1
0 5 1
0 6 1
0 7 2
1 7 0
2 7 0
3 7 0
4 7 3
4 6 1
5 6 0
6 6 0
7 6 0
7 7 2
8 7 0
9 7 3
9 6 1
9 5 1
9 4 1
9 3 1
9 2 1
9 1 1
9 0 0
8 0 0
7 0 0
6 0 0
5 0 0
4 0 0
3 0 0
