59
10
8
20
10
10
10
10
10
10
20
20
10
30
20
10
40
40
20
20
10
10
10
40
10
40
20
20
30
30
20
51
40
30
20
10
20
40
40
40
10
10
20
10
10
10
30
10
10
20
10
10
30
10
40
20
20
10
20
10
40
20
40
10
20
60
10
10
10
30
20
40
10
10
10
20
10
10
10
20
10
10
20
43
3 4 1
3 5 1
2 5 0
1 5 0
1 4 1
1 3 1
2 3 0
3 3 3
3 2 0
3 1 0
3 0 1
4 0 0
5 0 0
6 0 0
7 0 0
8 0 0
9 0 0
9 1 1
9 2 1
9 3 1
9 4 3
8 4 0
8 3 0
7 3 0
7 2 0
6 2 0
5 2 0
4 2 1
4 3 0
5 3 0
6 3 0
6 4 3
5 4 0
4 4 1
4 5 1
4 6 1
4 7 2
5 7 0
6 7 3
6 6 1
6 5 1
7 5 0
7 6 0
