59
10
8
20
20
10
10
10
10
20
20
10
20
30
10
10
10
10
20
10
10
60
40
10
20
10
10
20
30
20
30
30
40
10
10
10
20
30
40
20
10
20
20
10
30
10
10
10
10
30
10
10
20
30
10
40
10
30
10
10
20
30
30
10
30
20
20
52
30
10
20
10
10
20
20
20
10
20
10
20
10
20
20
45
8 0 2
9 0 0
9 1 1
9 2 3
8 2 0
7 2 0
6 2 0
5 2 0
4 2 0
3 2 2
3 1 0
3 0 0
2 0 0
1 0 0
0 0 1
0 1 2
1 1 0
1 2 0
1 3 1
1 4 1
1 5 1
1 6 1
1 7 2
2 7 0
3 7 0
4 7 3
4 6 1
5 6 0
6 6 0
7 6 3
7 5 0
7 4 1
7 3 0
7 2 0
7 1 0
6 1 1
6 2 0
6 3 1
6 4 1
5 4 0
4 4 2
4 3 0
3 3 0
2 3 0
2 2 0
