59
10
8
20
10
60
10
20
10
10
20
10
30
40
20
10
20
40
20
20
30
10
10
40
10
20
20
10
10
20
10
10
40
40
10
10
20
50
30
40
10
10
10
10
20
10
40
10
10
30
10
10
10
10
40
10
10
10
10
10
30
20
10
30
30
20
10
10
40
40
10
30
20
30
10
20
10
10
10
20
20
20
20
45
4 2 0
3 2 1
3 3 1
3 4 1
3 5 0
4 5 0
5 5 0
6 5 0
7 5 0
8 5 3
8 4 0
8 3 1
8 2 0
7 2 1
7 3 1
7 4 0
7 5 0
7 6 2
8 6 0
9 6 0
9 7 3
8 7 0
7 7 0
6 7 0
5 7 0
4 7 0
3 7 0
2 7 2
2 6 0
1 6 1
1 7 3
0 7 2
0 6 1
0 5 1
0 4 1
1 4 0
2 4 1
2 3 1
2 2 1
2 1 0
2 0 0
1 0 0
0 0 1
0 1 1
0 2 0
