59
10
8
20
10
20
10
20
10
20
20
10
10
20
10
10
10
10
20
10
40
40
30
30
30
10
10
20
40
30
20
10
30
20
20
20
10
40
40
10
10
10
10
10
10
40
20
20
30
30
10
10
40
20
30
20
30
10
20
50
10
10
30
40
40
20
20
10
10
60
10
40
10
20
10
20
20
10
10
10
10
10
20
44
7 0 0
6 0 0
5 0 0
4 0 1
4 1 1
4 2 1
3 2 0
2 2 0
2 1 1
3 1 1
3 0 0
2 0 0
1 0 0
0 0 1
0 1 1
0 2 2
1 2 0
1 3 1
1 4 1
1 5 1
1 6 1
1 7 2
2 7 0
3 7 3
3 6 1
4 6 0
5 6 0
6 6 0
7 6 0
7 7 2
8 7 0
9 7 3
9 6 1
9 5 1
9 4 1
9 3 1
9 2 1
9 1 0
8 1 0
7 1 0
6 1 1
6 2 2
7 2 0
8 2 0
