62
10
8
20
20
10
20
10
10
10
20
20
40
40
40
30
20
40
20
10
30
30
10
30
20
10
20
10
10
10
40
60
30
50
10
10
10
40
30
10
20
20
10
10
20
20
10
30
20
30
20
20
30
20
20
20
10
30
10
20
40
20
40
10
30
20
10
20
10
20
40
20
20
30
10
20
10
10
20
20
20
20
20
43
3 6 0
2 6 0
1 6 1
1 7 3
0 7 2
0 6 1
0 5 1
0 4 1
0 3 1
1 3 1
1 2 1
2 2 0
3 2 0
4 2 0
4 3 0
4 4 1
4 5 2
5 5 0
5 6 0
5 7 2
6 7 0
7 7 0
8 7 0
9 7 3
9 6 0
8 6 0
7 6 2
7 5 0
7 4 1
7 3 1
8 3 1
8 2 0
7 2 2
7 1 0
6 1 0
5 1 1
5 2 2
6 2 0
6 3 3
5 3 0
4 3 0
3 3 1
3 4 0
