58
10
8
20
10
10
10
20
10
10
20
10
40
10
40
51
20
10
20
10
40
10
10
20
30
20
10
60
10
10
20
30
30
30
10
10
40
40
10
20
30
10
10
10
30
30
10
10
30
10
20
20
30
20
10
20
10
40
20
20
30
10
30
30
20
30
10
10
20
20
10
10
10
40
10
20
20
20
10
10
10
10
20
45
1 4 1
1 5 2
2 5 0
3 5 0
4 5 0
5 5 0
6 5 0
7 5 3
7 4 0
7 3 0
7 2 1
7 1 0
7 0 1
8 0 0
9 0 0
9 1 3
8 1 1
8 2 2
9 2 0
9 3 1
9 4 1
9 5 1
9 6 1
9 7 3
8 7 0
7 7 0
6 7 2
6 6 0
5 6 0
4 6 0
3 6 0
2 6 2
2 5 0
2 4 1
3 4 0
4 4 3
4 3 1
4 2 1
5 2 0
6 2 3
6 1 0
6 0 0
5 0 0
4 0 0
3 0 0
