59
10
8
20
10
53
10
10
10
20
20
20
10
10
30
20
10
10
20
10
40
40
10
40
10
20
10
20
10
10
10
10
10
40
10
20
10
10
10
10
10
10
20
20
10
10
20
10
40
10
10
10
30
40
40
10
20
20
10
10
20
60
10
10
20
10
20
10
10
10
30
10
10
20
10
20
20
10
10
10
10
10
20
46
0 2 3
0 1 1
0 0 1
1 0 0
1 1 1
1 2 1
1 3 0
1 4 2
2 4 0
2 5 1
2 6 2
3 6 1
3 5 1
3 4 1
3 3 1
3 2 1
3 1 1
3 0 1
4 0 0
4 1 1
4 2 1
4 3 1
4 4 1
4 5 1
4 6 1
4 7 2
5 7 0
6 7 0
7 7 3
7 6 1
7 5 0
6 5 2
6 4 1
6 3 0
5 3 2
5 2 1
5 1 1
5 0 1
6 0 0
7 0 0
8 0 0
9 0 0
9 1 3
8 1 0
7 1 1
7 2 0
