59
10
8
20
10
10
20
20
20
10
20
10
10
30
40
10
30
10
10
10
10
20
30
40
10
20
10
10
40
10
20
10
30
10
10
10
30
10
40
10
30
30
60
20
30
40
20
30
30
10
20
10
20
30
10
30
20
20
10
10
20
51
10
40
20
20
20
10
10
20
20
10
40
30
10
20
10
20
20
10
10
10
20
45
7 2 1
7 3 1
7 4 1
6 4 0
5 4 0
4 4 0
3 4 0
2 4 0
2 3 0
2 2 1
3 2 0
4 2 0
5 2 1
5 1 0
5 0 1
6 0 0
7 0 0
8 0 0
9 0 0
9 1 1
9 2 3
8 2 1
8 3 2
9 3 0
9 4 1
9 5 1
9 6 1
9 7 3
8 7 0
7 7 2
7 6 0
6 6 2
6 5 0
5 5 0
4 5 0
3 5 0
2 5 0
1 5 0
0 5 1
0 6 1
0 7 2
1 7 0
2 7 0
3 7 0
4 7 0
