58
10
8
20
20
10
20
20
10
20
20
20
30
20
20
20
10
30
10
10
20
30
30
30
40
10
20
10
10
60
30
30
10
20
20
10
30
10
40
10
20
10
20
20
10
20
10
50
30
10
10
10
10
10
10
20
20
20
20
10
10
30
40
20
20
30
10
10
30
30
20
30
10
20
10
20
10
10
10
20
10
20
20
43
5 4 0
4 4 0
3 4 0
2 4 0
1 4 2
1 3 0
0 3 2
0 2 1
0 1 1
1 1 0
2 1 0
2 2 0
2 3 0
2 4 0
2 5 0
3 5 0
4 5 0
4 6 1
4 7 2
5 7 0
6 7 3
6 6 1
7 6 0
8 6 3
8 5 1
8 4 0
8 3 0
7 3 1
7 4 2
8 4 0
9 4 3
9 3 1
9 2 1
9 1 1
9 0 0
8 0 0
7 0 0
6 0 0
5 0 1
5 1 1
5 2 3
4 2 0
3 2 0
