59
10
8
20
10
10
10
20
10
20
20
20
10
20
20
30
10
20
10
10
30
10
20
20
20
10
20
20
10
10
20
20
10
20
20
10
10
10
10
20
10
10
20
20
20
30
10
30
10
10
20
20
10
10
20
10
20
20
60
20
20
20
51
20
20
10
20
10
10
10
10
20
10
30
10
20
10
20
10
10
10
10
20
42
7 3 1
7 4 3
6 4 0
5 4 0
4 4 1
4 5 1
4 6 1
4 7 3
3 7 2
3 6 0
2 6 0
1 6 2
1 5 1
1 4 0
1 3 1
2 3 0
2 4 3
1 4 0
0 4 2
0 3 1
0 2 1
0 1 1
0 0 1
1 0 0
1 1 1
1 2 2
2 2 0
3 2 0
4 2 0
5 2 0
6 2 0
7 2 3
7 1 0
6 1 0
5 1 1
5 2 0
5 3 1
5 4 0
5 5 1
5 6 1
5 7 2
6 7 0
