58
10
8
20
10
20
20
10
20
10
20
10
20
40
30
20
40
30
20
10
40
30
30
30
20
10
20
10
40
30
10
30
30
20
10
20
10
30
30
30
20
30
10
10
20
20
40
30
10
10
20
10
30
10
20
20
10
20
20
10
20
30
30
30
20
20
10
20
20
30
10
30
10
60
10
20
53
20
10
10
10
20
20
43
9 1 3
9 0 0
8 0 1
8 1 3
7 1 1
7 2 0
7 3 0
7 4 0
7 5 3
6 5 0
5 5 0
4 5 2
4 4 0
4 3 0
4 2 0
4 1 1
4 0 0
3 0 0
2 0 0
1 0 0
0 0 1
0 1 1
0 2 2
1 2 0
1 3 0
1 4 2
2 4 0
3 4 0
4 4 0
5 4 0
6 4 3
6 3 0
5 3 0
5 2 1
6 2 0
7 2 0
8 2 0
9 2 0
9 3 1
9 4 1
9 5 1
9 6 3
8 6 0
