58
10
8
20
20
10
10
10
20
10
20
20
20
30
10
10
30
10
20
10
30
30
30
30
10
10
20
20
10
10
10
30
10
20
10
60
20
10
10
20
20
10
20
10
52
20
20
10
20
10
20
20
30
10
10
10
30
30
20
10
10
20
30
10
10
30
10
10
10
10
30
20
20
10
20
20
20
10
20
20
20
10
20
45
5 1 2
6 1 0
7 1 0
8 1 0
9 1 3
9 0 0
8 0 0
7 0 0
6 0 1
6 1 0
6 2 1
6 3 1
6 4 1
6 5 0
6 6 0
6 7 2
7 7 0
8 7 3
8 6 1
8 5 0
7 5 0
6 5 0
5 5 1
5 6 1
5 7 3
4 7 2
4 6 1
4 5 0
3 5 0
2 5 0
1 5 0
0 5 1
0 6 1
0 7 2
1 7 3
1 6 1
1 5 0
1 4 1
1 3 1
1 2 0
1 1 1
2 1 0
3 1 0
4 1 3
4 0 0
