61
10
8
20
10
20
20
20
20
10
20
10
30
30
30
20
20
30
10
10
20
40
30
50
10
40
20
10
40
30
40
30
30
30
10
10
10
30
10
30
10
20
20
10
30
40
30
40
30
40
10
20
40
20
30
10
40
10
10
10
30
20
30
20
30
10
10
20
20
30
20
30
30
20
20
20
20
10
10
10
10
10
60
47
2 4 0
1 4 1
1 5 3
0 5 1
0 6 1
0 7 2
1 7 0
2 7 3
2 6 1
3 6 0
4 6 0
4 7 2
5 7 0
6 7 0
7 7 0
8 7 3
8 6 0
7 6 0
6 6 0
5 6 0
5 5 0
5 4 1
6 4 0
7 4 3
7 3 0
7 2 0
6 2 2
6 1 0
5 1 0
4 1 0
3 1 1
3 2 0
3 3 0
4 3 0
5 3 0
6 3 0
7 3 0
8 3 3
8 2 0
8 1 1
9 1 0
9 2 1
9 3 1
9 4 1
9 5 1
9 6 1
9 7 0
