62
10
8
20
10
10
10
20
51
10
20
20
30
30
30
40
20
60
10
20
30
30
10
10
20
30
10
10
30
10
30
30
20
20
10
10
30
30
20
10
30
40
20
20
30
20
20
10
20
30
10
20
30
30
20
40
30
20
10
20
20
10
40
30
20
10
10
10
30
20
30
10
20
20
10
20
20
10
20
10
10
10
20
47
0 5 1
0 6 1
0 7 2
1 7 0
2 7 0
3 7 0
4 7 3
4 6 0
3 6 2
3 5 1
4 5 0
5 5 3
5 4 1
5 3 1
6 3 3
6 2 0
6 1 0
6 0 1
7 0 0
7 1 2
8 1 0
9 1 0
9 2 1
9 3 3
8 3 0
7 3 1
7 4 0
7 5 2
8 5 3
8 4 1
8 3 0
8 2 0
7 2 0
6 2 0
5 2 2
5 1 0
5 0 0
4 0 0
3 0 0
2 0 1
2 1 0
2 2 0
2 3 1
2 4 1
2 5 3
1 5 1
1 6 0
