59
10
8
20
20
10
20
10
10
10
20
20
30
10
30
10
30
40
10
20
10
30
10
30
30
30
20
20
30
60
30
30
30
10
20
51
40
30
20
30
30
20
10
10
40
30
20
10
30
40
10
20
30
40
10
40
40
20
10
20
30
20
10
30
20
20
20
20
30
10
20
40
10
10
20
20
10
20
20
20
20
10
20
42
4 0 1
4 1 1
3 1 0
2 1 0
1 1 0
0 1 2
0 0 1
1 0 0
1 1 0
1 2 1
1 3 0
1 4 1
1 5 0
1 6 0
2 6 0
3 6 0
4 6 3
4 5 0
4 4 0
4 3 1
5 3 0
5 4 1
5 5 0
5 6 0
6 6 3
6 5 1
7 5 3
7 4 0
7 3 1
7 2 1
8 2 0
9 2 0
9 3 3
8 3 1
8 4 1
7 4 0
6 4 0
6 3 1
6 2 0
5 2 0
4 2 0
3 2 0
