59
10
8
20
20
20
10
20
10
20
60
10
40
20
30
20
30
30
10
52
30
40
10
40
20
10
10
10
30
10
30
30
10
30
20
20
40
20
20
20
10
30
10
20
30
30
30
20
30
30
10
10
20
40
30
30
20
40
10
20
10
20
30
30
30
20
10
10
20
10
20
10
30
10
20
20
10
10
10
10
10
10
20
44
2 0 2
3 0 0
4 0 0
4 1 0
5 1 0
6 1 0
6 2 0
7 2 3
7 1 1
7 0 1
8 0 0
9 0 0
9 1 1
9 2 1
9 3 1
9 4 1
9 5 1
9 6 1
9 7 3
8 7 2
8 6 1
8 5 0
8 4 1
8 3 0
7 3 0
6 3 0
5 3 0
4 3 1
4 4 3
3 4 0
2 4 1
2 5 2
3 5 0
4 5 0
5 5 0
6 5 0
6 6 1
5 6 0
4 6 0
3 6 0
2 6 0
1 6 0
0 6 1
0 7 0
