60
10
8
20
20
20
10
10
20
20
20
10
10
10
20
40
30
10
20
10
40
40
10
30
40
20
10
10
40
10
40
10
10
10
20
10
40
10
40
30
10
10
10
20
30
40
10
40
10
40
20
20
10
10
20
40
10
30
20
20
40
30
20
51
20
10
10
20
10
10
10
60
10
10
10
20
20
10
20
10
20
10
20
42
7 4 1
7 5 2
8 5 0
9 5 0
9 6 1
9 7 3
8 7 0
7 7 0
6 7 2
6 6 0
6 5 1
6 4 0
5 4 1
5 5 1
5 6 1
4 6 0
3 6 0
2 6 2
2 5 0
1 5 0
0 5 2
0 4 1
0 3 1
0 2 1
1 2 0
2 2 1
2 1 1
3 1 0
3 2 1
3 3 0
4 3 1
4 2 1
4 1 1
5 1 0
6 1 0
7 1 1
7 0 1
8 0 0
8 1 1
8 2 1
8 3 1
8 4 0
