61
10
8
20
20
10
20
60
20
20
20
10
40
30
40
30
30
10
20
10
40
10
40
30
40
10
20
10
40
30
10
20
20
30
20
10
40
10
30
30
30
20
20
20
30
40
20
20
20
10
20
20
30
40
40
30
10
30
10
52
30
30
10
20
30
30
20
10
30
10
40
20
40
10
20
20
20
20
10
20
10
10
20
42
7 0 2
8 0 0
9 0 0
9 1 3
8 1 0
7 1 0
6 1 0
5 1 0
4 1 1
4 2 1
4 3 0
4 4 0
4 5 0
4 6 3
3 6 0
2 6 0
1 6 0
0 6 2
0 5 1
1 5 0
2 5 1
2 4 0
2 3 1
3 3 0
4 3 0
5 3 0
5 4 2
6 4 0
7 4 0
7 5 0
7 6 0
7 7 3
6 7 0
5 7 2
5 6 1
5 5 0
4 5 0
3 5 2
3 4 0
2 4 0
1 4 0
0 4 0
