59
10
8
20
10
10
20
10
10
10
20
10
10
30
30
20
30
20
20
20
30
20
30
20
10
10
10
20
30
20
30
10
30
30
10
20
30
20
30
10
30
30
50
20
30
40
30
60
20
30
10
10
20
30
30
20
20
30
10
20
30
30
20
20
30
10
10
10
20
30
30
20
20
30
10
20
10
10
10
10
10
20
20
47
4 7 0
3 7 0
2 7 0
1 7 2
1 6 1
2 6 0
3 6 0
4 6 0
5 6 0
6 6 0
7 6 0
8 6 0
9 6 3
9 5 1
9 4 1
9 3 1
9 2 1
9 1 1
9 0 0
8 0 0
7 0 1
7 1 0
7 2 0
7 3 3
6 3 0
5 3 0
4 3 0
3 3 0
2 3 0
1 3 0
0 3 2
0 2 1
0 1 1
0 0 1
1 0 0
2 0 0
2 1 0
2 2 2
3 2 3
3 1 0
3 0 1
4 0 0
4 1 0
4 2 2
5 2 0
5 3 0
5 4 0
