61
10
8
20
20
10
20
10
10
20
20
20
20
20
40
10
30
10
20
20
10
10
20
10
30
10
10
20
20
30
50
10
10
40
20
20
30
30
60
40
20
10
10
10
10
10
10
30
30
40
20
20
10
40
30
30
40
40
10
20
40
30
10
10
10
10
10
20
40
40
10
40
10
20
10
20
10
20
20
20
20
10
20
42
3 3 0
2 3 2
2 2 1
2 1 1
2 0 0
1 0 1
1 1 3
0 1 1
0 2 1
0 3 2
1 3 0
1 4 1
1 5 0
1 6 1
1 7 2
2 7 0
3 7 3
3 6 1
4 6 0
5 6 0
5 7 2
6 7 0
7 7 0
8 7 0
9 7 3
9 6 1
9 5 0
8 5 0
7 5 0
6 5 0
6 4 0
6 3 0
6 2 1
7 2 0
8 2 0
8 3 1
8 4 1
7 4 0
6 4 0
5 4 0
4 4 0
4 3 0
