58
10
8
20
10
10
10
10
10
10
20
10
30
20
40
30
20
10
10
10
30
10
20
20
30
20
10
10
30
20
30
30
10
30
20
10
60
20
20
10
20
10
20
10
30
20
30
20
53
30
20
10
20
20
40
30
30
10
10
20
20
10
30
10
20
30
20
20
30
20
20
40
10
20
10
20
20
20
10
20
20
10
20
42
5 5 3
5 4 1
6 4 0
7 4 0
8 4 1
8 3 0
7 3 0
6 3 0
6 2 1
7 2 0
8 2 3
8 1 0
8 0 1
9 0 0
9 1 3
8 1 0
7 1 2
7 0 0
6 0 0
5 0 0
4 0 0
3 0 0
2 0 0
1 0 0
0 0 1
0 1 1
0 2 1
0 3 1
0 4 1
0 5 1
0 6 1
0 7 2
1 7 0
2 7 0
3 7 3
3 6 0
3 5 1
3 4 0
3 3 0
3 2 1
4 2 3
4 1 0
