59
10
8
20
20
10
10
10
10
10
20
10
20
10
10
20
20
20
20
10
20
40
40
20
10
30
10
10
10
20
20
10
20
10
10
20
20
10
40
10
10
30
10
10
20
20
10
30
10
10
20
10
10
20
10
10
10
40
20
10
30
20
30
30
20
40
60
10
40
20
20
10
10
10
20
20
10
20
51
10
10
10
20
43
9 3 1
9 4 1
9 5 1
9 6 1
9 7 3
8 7 2
8 6 1
8 5 1
8 4 1
8 3 0
7 3 0
6 3 0
5 3 0
4 3 0
4 2 1
4 1 0
3 1 0
2 1 1
2 2 0
3 2 0
3 3 3
2 3 1
2 4 3
1 4 2
1 3 1
1 2 1
1 1 0
0 1 1
0 2 1
0 3 1
0 4 1
0 5 1
0 6 1
0 7 2
1 7 3
1 6 1
2 6 0
3 6 0
4 6 0
5 6 0
6 6 0
6 7 2
7 7 0
