61
10
8
20
20
10
20
10
20
10
20
20
10
30
10
40
40
10
10
20
40
10
40
40
20
30
10
10
10
20
30
30
20
10
10
10
10
40
20
40
10
30
10
10
10
30
40
10
40
10
10
10
10
10
10
20
40
10
20
20
10
20
20
30
40
20
20
10
10
10
10
20
50
10
60
20
20
20
10
10
10
10
20
45
8 5 0
7 5 0
7 4 0
7 3 0
6 3 0
5 3 1
5 4 1
5 5 0
6 5 0
6 6 1
6 7 3
5 7 0
4 7 0
3 7 0
2 7 0
1 7 0
0 7 2
0 6 1
0 5 1
1 5 1
1 4 1
2 4 1
2 3 0
1 3 0
0 3 2
0 2 1
0 1 1
1 1 0
2 1 1
2 0 1
3 0 0
4 0 0
5 0 0
6 0 0
7 0 0
7 1 1
7 2 2
8 2 0
9 2 0
9 3 1
9 4 1
9 5 1
9 6 1
9 7 3
8 7 0
