60
10
8
20
20
10
10
20
20
10
20
20
10
20
10
40
40
40
20
20
30
10
30
10
10
10
53
20
20
10
20
40
10
40
10
20
30
30
10
20
10
30
20
10
10
10
10
40
40
40
10
10
20
40
10
10
10
10
10
20
30
10
60
10
30
40
20
10
10
10
40
10
30
10
10
20
20
20
10
20
20
20
20
44
2 7 3
2 6 1
2 5 1
2 4 1
2 3 0
2 2 1
2 1 0
2 0 1
3 0 0
3 1 2
4 1 0
5 1 0
6 1 0
6 2 0
7 2 0
8 2 0
9 2 0
9 3 1
9 4 3
8 4 0
7 4 0
6 4 0
5 4 1
5 5 0
6 5 0
7 5 0
8 5 0
9 5 0
9 6 3
8 6 0
7 6 1
7 7 3
6 7 0
5 7 0
4 7 2
4 6 0
4 5 1
4 4 0
3 4 0
3 3 1
4 3 0
5 3 0
6 3 0
7 3 0
