60
10
8
20
10
10
10
10
10
60
20
20
10
30
20
40
10
30
10
10
20
30
10
20
20
10
10
20
20
40
30
30
10
10
20
10
20
40
30
10
40
10
20
20
30
30
40
50
40
40
10
10
30
10
20
10
10
10
10
10
30
10
30
40
30
30
20
20
40
10
10
30
30
30
10
20
10
20
10
20
20
10
20
46
5 4 0
4 4 0
3 4 0
2 4 1
2 5 2
3 5 0
4 5 0
4 6 1
4 7 2
5 7 0
6 7 0
7 7 3
7 6 0
7 5 0
7 4 1
8 4 0
9 4 3
9 3 1
9 2 0
8 2 0
7 2 0
6 2 0
5 2 0
4 2 0
4 1 0
3 1 2
3 0 1
4 0 0
5 0 0
5 1 0
5 2 0
5 3 1
4 3 0
3 3 0
2 3 0
1 3 2
1 2 0
1 1 1
1 0 0
0 0 1
0 1 1
0 2 1
0 3 1
0 4 1
0 5 1
0 6 0
