59
10
8
20
10
10
20
10
10
10
20
20
10
30
60
20
40
10
20
10
20
10
10
10
20
30
10
10
20
30
30
30
10
40
50
20
40
20
30
20
30
40
20
10
30
30
10
10
20
30
10
10
30
30
40
20
20
30
20
10
30
30
20
30
20
30
10
10
10
20
10
30
40
20
20
20
20
20
10
20
10
20
20
43
3 7 0
2 7 0
1 7 2
1 6 1
1 5 1
2 5 3
2 4 1
2 3 1
2 2 1
2 1 1
3 1 0
3 2 0
3 3 0
3 4 0
3 5 1
3 6 0
4 6 1
4 5 0
4 4 1
5 4 0
6 4 3
6 3 1
7 3 0
7 4 0
7 5 2
8 5 1
8 4 0
8 3 1
8 2 1
9 2 3
9 1 0
8 1 0
7 1 0
6 1 0
5 1 0
4 1 0
4 0 0
3 0 0
2 0 0
1 0 1
1 1 1
1 2 0
1 3 0
