59
10
8
20
20
20
10
10
10
20
20
20
40
10
20
10
30
40
20
10
10
20
10
30
10
20
20
10
20
30
30
30
20
30
10
10
40
20
30
10
20
40
10
20
30
30
10
30
10
10
20
20
10
10
40
30
30
40
10
10
20
10
30
30
10
10
50
10
10
20
20
40
20
40
20
60
10
10
10
10
20
10
20
44
7 7 0
6 7 0
5 7 2
5 6 1
5 5 1
5 4 0
5 3 1
5 2 0
5 1 0
5 0 0
4 0 0
3 0 0
2 0 0
1 0 1
1 1 0
2 1 0
3 1 0
3 2 0
3 3 0
3 4 0
3 5 2
4 5 3
4 4 1
4 3 0
4 2 1
5 2 0
6 2 0
7 2 0
8 2 0
8 3 3
7 3 0
6 3 1
6 4 0
6 5 0
6 6 0
7 6 0
8 6 1
8 5 1
9 5 3
9 4 1
9 3 1
9 2 1
9 1 1
9 0 0
