62
10
8
20
10
10
10
53
20
10
20
20
20
40
30
30
10
30
10
10
20
10
10
40
10
10
10
10
20
30
30
40
30
10
10
10
40
30
20
40
30
60
10
10
30
30
40
10
20
30
10
20
10
10
20
20
10
20
10
20
30
20
10
10
20
20
10
10
10
30
20
30
20
30
20
20
20
10
10
20
20
10
20
47
0 4 3
0 3 1
0 2 1
0 1 1
0 0 1
1 0 0
1 1 2
2 1 0
2 2 1
2 3 1
2 4 0
3 4 1
3 3 0
3 2 0
3 1 1
4 1 0
4 2 0
4 3 2
5 3 0
5 4 1
5 5 3
4 5 0
3 5 0
2 5 0
1 5 0
0 5 1
0 6 1
0 7 2
1 7 0
2 7 0
3 7 0
4 7 0
5 7 0
6 7 0
7 7 0
8 7 3
8 6 0
8 5 1
9 5 3
9 4 0
8 4 0
7 4 0
6 4 1
6 5 1
6 6 3
5 6 0
4 6 0
