62
10
8
20
20
20
10
10
10
20
20
10
20
40
40
30
30
40
10
10
20
40
10
40
10
10
10
20
20
10
10
60
10
10
10
10
30
10
10
20
40
10
10
10
40
10
10
40
20
40
10
10
10
40
40
10
10
10
10
20
20
10
20
10
10
40
10
10
40
10
40
20
20
30
10
20
10
20
10
10
10
51
20
47
9 6 1
9 7 3
8 7 0
7 7 0
6 7 0
5 7 0
4 7 0
3 7 0
2 7 0
1 7 0
0 7 2
0 6 1
1 6 1
1 5 0
1 4 0
1 3 1
2 3 0
3 3 0
4 3 0
5 3 0
6 3 1
6 2 0
5 2 0
4 2 0
3 2 0
2 2 0
2 1 1
3 1 3
3 0 1
4 0 0
5 0 0
6 0 0
7 0 0
7 1 2
8 1 0
8 2 1
8 3 1
7 3 1
7 4 1
7 5 1
7 6 1
6 6 0
5 6 0
5 5 0
4 5 0
4 4 0
3 4 0
