62
10
8
20
10
20
20
10
10
20
20
20
40
30
10
40
30
30
20
10
20
30
10
30
10
20
10
20
30
30
10
20
10
40
10
10
10
10
20
40
20
40
10
10
10
20
40
30
10
10
10
10
20
30
10
30
30
30
20
10
30
20
20
30
10
20
20
10
10
20
51
20
20
10
10
20
20
60
10
10
20
10
20
47
8 3 1
8 4 3
7 4 0
6 4 0
5 4 0
4 4 0
4 3 1
5 3 1
5 2 0
4 2 0
3 2 0
2 2 0
1 2 0
0 2 2
0 1 1
0 0 1
1 0 0
1 1 0
2 1 0
2 2 0
2 3 1
2 4 0
2 5 1
2 6 2
3 6 1
3 5 1
3 4 0
2 4 0
1 4 1
1 5 0
1 6 0
1 7 2
2 7 0
3 7 0
4 7 0
5 7 0
6 7 3
6 6 0
6 5 0
6 4 0
6 3 1
6 2 0
6 1 1
7 1 0
8 1 0
9 1 0
9 2 0
