60
10
8
20
20
10
20
10
10
20
20
20
20
20
20
10
30
20
20
10
20
20
20
30
10
30
10
10
10
10
20
30
20
10
10
20
30
20
20
20
10
30
10
20
20
10
30
10
10
10
20
20
20
20
30
30
10
30
20
20
20
30
30
50
30
10
60
10
40
10
10
30
30
20
20
20
20
20
10
10
20
10
20
42
7 4 0
6 4 0
5 4 0
4 4 2
4 3 0
3 3 1
3 4 0
3 5 2
4 5 0
5 5 0
6 5 0
7 5 0
8 5 0
9 5 3
9 4 1
9 3 1
9 2 0
8 2 0
7 2 0
6 2 2
6 1 0
5 1 2
5 0 0
4 0 1
4 1 0
4 2 3
3 2 0
2 2 1
2 3 3
1 3 1
1 4 1
1 5 0
1 6 2
2 6 0
3 6 0
4 6 0
5 6 0
6 6 0
7 6 0
8 6 0
8 7 3
7 7 0
