61
10
8
20
20
10
10
10
10
20
20
10
10
20
20
20
10
10
20
10
40
10
40
40
20
40
10
10
20
30
10
40
10
10
10
10
30
30
20
30
30
20
10
20
10
10
60
10
20
10
10
10
40
40
10
10
20
10
10
10
10
40
10
20
20
20
10
10
20
50
10
10
40
10
20
20
20
10
20
10
10
20
20
45
8 2 0
7 2 1
7 3 1
7 4 3
6 4 0
5 4 0
4 4 0
3 4 0
3 3 1
3 2 0
3 1 1
4 1 0
5 1 0
6 1 0
6 2 1
5 2 0
4 2 0
3 2 0
2 2 0
1 2 1
1 3 2
2 3 0
2 4 1
1 4 1
1 5 1
1 6 1
1 7 2
2 7 0
3 7 0
4 7 0
5 7 0
6 7 0
7 7 0
8 7 3
8 6 1
8 5 0
7 5 1
7 6 3
6 6 0
5 6 0
4 6 2
4 5 0
4 4 0
4 3 1
5 3 0
