62
10
8
20
20
20
20
10
20
20
20
10
40
10
10
10
20
20
10
10
10
20
20
40
20
10
20
20
40
20
10
10
40
10
10
10
10
20
10
20
20
10
10
20
30
20
10
20
20
10
10
10
40
10
10
20
10
20
10
10
60
30
20
10
20
40
20
10
20
10
30
10
20
10
20
20
20
20
53
10
10
20
20
43
9 3 3
9 2 0
8 2 0
7 2 0
6 2 0
5 2 2
5 1 0
5 0 0
4 0 0
3 0 1
3 1 1
2 1 0
1 1 1
1 2 1
1 3 1
1 4 1
1 5 2
2 5 0
2 6 1
2 7 2
3 7 0
4 7 0
5 7 0
6 7 0
7 7 3
7 6 0
6 6 2
6 5 1
6 4 0
5 4 1
5 5 3
4 5 2
4 4 0
3 4 0
2 4 0
2 3 1
3 3 0
4 3 0
5 3 0
6 3 0
7 3 3
7 2 0
7 1 0
