62
10
8
20
10
10
10
10
10
10
60
10
10
20
20
10
10
20
20
10
10
10
20
10
10
30
10
10
10
20
30
20
20
10
10
10
20
40
20
10
30
10
10
10
20
20
20
20
30
20
10
10
20
30
10
30
10
20
10
10
20
10
10
10
20
10
20
10
20
10
20
10
10
10
10
20
10
20
20
20
50
10
20
48
9 5 0
8 5 0
7 5 1
7 6 1
7 7 3
6 7 0
5 7 0
4 7 0
3 7 0
2 7 0
1 7 2
1 6 1
2 6 0
3 6 0
4 6 0
5 6 3
5 5 0
5 4 0
4 4 0
3 4 2
3 3 0
3 2 1
4 2 0
4 3 2
5 3 3
5 2 1
6 2 0
7 2 0
8 2 0
9 2 3
9 1 1
9 0 0
8 0 0
7 0 0
6 0 0
5 0 0
4 0 0
3 0 0
2 0 0
1 0 0
0 0 1
0 1 1
0 2 1
0 3 1
0 4 1
0 5 1
0 6 1
0 7 0
