59
10
8
60
10
10
10
20
20
10
20
20
20
30
20
10
20
10
20
10
10
30
30
40
30
30
20
10
20
40
20
30
10
10
10
10
10
20
20
10
30
10
20
10
20
20
30
20
30
10
10
20
20
10
10
20
20
20
10
20
10
10
10
10
10
20
10
10
30
10
20
40
40
40
10
20
20
10
53
20
10
20
20
43
9 3 3
9 2 1
9 1 0
8 1 0
7 1 0
6 1 2
6 0 0
5 0 0
4 0 0
3 0 0
2 0 0
1 0 1
1 1 2
2 1 0
3 1 0
3 2 0
4 2 0
4 3 2
5 3 0
6 3 0
7 3 0
8 3 0
8 4 1
7 4 0
6 4 1
6 5 3
5 5 0
4 5 0
3 5 0
2 5 0
1 5 1
1 6 1
1 7 2
2 7 3
2 6 0
2 5 0
2 4 0
1 4 0
0 4 2
0 3 1
0 2 1
0 1 1
0 0 0
