60
10
8
20
10
20
10
20
10
20
20
20
20
10
10
10
20
10
20
20
30
20
20
10
10
40
10
10
20
40
10
10
40
10
20
52
20
10
10
10
40
10
20
10
40
40
40
40
20
40
10
10
30
40
10
10
10
10
10
20
10
10
10
40
10
10
20
10
10
20
10
10
10
20
10
20
20
20
10
10
10
60
20
44
4 0 2
5 0 0
6 0 0
7 0 0
7 1 1
7 2 1
7 3 1
7 4 1
6 4 0
5 4 0
5 3 0
4 3 0
3 3 0
2 3 2
2 2 1
3 2 1
3 1 0
2 1 0
1 1 1
1 2 1
1 3 1
1 4 1
1 5 2
2 5 0
3 5 0
3 6 1
3 7 2
4 7 3
4 6 1
4 5 1
5 5 0
5 6 0
6 6 0
7 6 0
8 6 3
8 5 1
8 4 1
8 3 1
8 2 1
9 2 0
9 3 1
9 4 1
9 5 1
9 6 0
