62
10
8
20
10
20
20
20
10
20
20
10
30
30
10
20
30
30
20
60
40
30
10
40
40
30
20
10
20
30
10
30
30
30
10
20
10
40
30
40
40
30
20
10
20
30
30
20
30
50
20
10
30
10
20
20
30
30
10
10
20
30
20
10
30
10
10
20
20
30
40
30
20
30
10
20
10
10
10
20
20
20
20
46
5 6 0
4 6 0
3 6 0
2 6 0
1 6 0
0 6 1
0 7 2
1 7 3
1 6 0
1 5 0
1 4 0
0 4 2
0 3 1
1 3 0
2 3 0
3 3 0
4 3 0
5 3 0
6 3 0
6 4 2
7 4 0
8 4 0
9 4 0
9 5 3
8 5 2
8 4 0
8 3 0
7 3 2
7 2 0
7 1 0
6 1 0
5 1 1
5 2 0
5 3 0
5 4 3
4 4 0
4 3 0
4 2 0
3 2 0
2 2 0
1 2 0
0 2 2
0 1 1
0 0 1
1 0 0
2 0 0
