60
10
8
20
51
10
10
10
10
20
60
10
30
10
20
20
30
30
20
20
20
20
30
20
10
30
10
10
10
20
30
40
30
30
10
20
30
30
10
30
30
20
10
20
30
10
30
30
30
10
20
20
30
10
30
10
30
20
20
10
10
30
20
20
30
30
10
20
30
40
20
30
10
20
20
20
20
20
20
20
10
10
20
45
0 1 1
0 2 1
0 3 1
0 4 1
0 5 1
0 6 2
1 6 0
2 6 0
3 6 0
4 6 3
4 5 0
4 4 0
4 3 1
4 2 0
4 1 0
4 0 0
3 0 0
2 0 1
2 1 2
3 1 0
4 1 0
5 1 0
6 1 0
7 1 0
8 1 0
9 1 0
9 2 3
8 2 1
8 3 3
7 3 1
7 4 3
6 4 0
5 4 0
4 4 0
3 4 0
3 3 0
3 2 0
2 2 1
2 3 0
2 4 3
1 4 1
1 5 0
1 6 0
1 7 3
0 7 0
