59
10
8
20
20
20
20
20
20
10
20
10
30
10
10
51
30
20
10
10
30
20
10
40
30
30
20
20
30
20
30
10
20
40
10
10
20
30
10
30
10
20
10
20
30
60
30
30
10
10
10
10
10
10
10
20
30
30
20
10
40
40
30
40
30
30
20
10
10
10
30
40
10
20
20
20
10
10
10
20
20
10
20
45
1 4 1
1 5 0
1 6 2
2 6 0
3 6 1
3 5 0
2 5 0
1 5 0
0 5 1
0 6 1
0 7 2
1 7 0
2 7 3
2 6 0
2 5 0
2 4 1
3 4 0
4 4 0
5 4 0
6 4 0
6 5 0
6 6 0
6 7 2
7 7 3
7 6 0
7 5 0
7 4 1
8 4 0
8 5 1
8 6 3
7 6 0
6 6 0
5 6 0
4 6 2
4 5 1
4 4 0
4 3 1
4 2 0
4 1 1
5 1 0
6 1 0
7 1 0
7 2 1
6 2 0
5 2 0
