61
10
8
20
20
20
10
20
20
10
20
20
10
10
10
10
30
30
20
10
20
30
20
10
10
30
10
20
20
10
10
10
30
30
20
10
40
10
40
20
30
10
10
10
10
40
20
30
30
20
20
10
10
10
40
20
20
10
20
20
10
10
20
40
52
10
20
60
20
30
30
10
20
30
10
20
10
10
20
20
20
20
20
45
7 5 2
8 5 3
8 4 1
8 3 0
8 2 0
8 1 0
7 1 0
6 1 0
5 1 0
4 1 1
4 2 1
4 3 1
3 3 0
2 3 2
2 2 0
2 1 1
3 1 3
3 0 0
2 0 0
1 0 1
1 1 1
1 2 1
1 3 1
1 4 1
1 5 0
1 6 0
1 7 3
0 7 2
0 6 1
0 5 1
1 5 0
2 5 0
3 5 0
4 5 0
5 5 0
6 5 3
6 4 1
7 4 1
7 3 1
8 3 0
9 3 3
9 2 1
9 1 1
9 0 0
8 0 0
