58
10
8
20
20
10
10
20
20
10
60
10
20
10
10
20
20
10
10
20
10
10
10
20
10
10
10
10
10
10
10
30
20
20
20
10
51
20
10
10
10
20
10
10
10
20
20
10
20
20
10
10
40
40
10
30
40
10
20
10
10
20
20
10
10
10
10
10
20
10
10
10
20
10
10
20
10
10
10
10
10
10
20
45
4 1 1
4 2 2
5 2 0
5 3 2
6 3 0
7 3 3
7 2 0
6 2 0
6 1 1
7 1 0
8 1 0
8 2 1
8 3 1
8 4 1
8 5 3
7 5 0
6 5 1
6 6 1
6 7 2
7 7 0
8 7 0
9 7 3
9 6 1
9 5 1
9 4 1
9 3 1
9 2 1
9 1 1
9 0 0
8 0 0
7 0 0
6 0 0
5 0 0
4 0 0
3 0 0
2 0 1
2 1 1
2 2 1
2 3 1
2 4 3
1 4 1
1 5 3
0 5 1
0 6 1
0 7 0
