60
10
8
20
10
10
10
10
20
10
20
10
10
20
10
20
10
10
10
10
40
20
30
30
20
30
10
20
10
40
10
40
10
30
20
10
10
30
10
20
20
20
10
20
40
20
10
40
52
40
20
20
10
10
20
40
10
10
20
10
10
30
20
10
10
10
20
10
20
20
30
40
10
10
10
20
10
60
20
10
20
20
20
44
5 5 2
6 5 0
7 5 0
8 5 0
9 5 0
9 6 3
8 6 0
7 6 0
6 6 0
5 6 1
5 7 3
4 7 0
3 7 2
3 6 0
3 5 1
3 4 0
2 4 0
1 4 2
1 3 1
1 2 1
2 2 0
2 3 0
2 4 0
2 5 3
1 5 0
0 5 2
0 4 1
0 3 1
0 2 1
0 1 1
0 0 1
1 0 0
2 0 0
3 0 0
3 1 1
3 2 0
4 2 0
5 2 3
5 1 1
6 1 0
7 1 0
8 1 0
8 2 2
9 2 0
