60
10
8
20
10
10
20
10
20
20
20
10
10
40
20
10
10
10
10
10
20
10
10
20
40
40
10
50
10
40
10
10
10
40
10
20
10
10
10
10
30
20
10
20
30
10
10
10
10
10
20
20
40
10
10
30
10
10
10
10
40
40
20
10
10
10
10
10
20
40
10
10
30
40
10
60
20
10
10
10
10
20
20
47
3 0 0
2 0 0
1 0 0
0 0 1
0 1 1
0 2 1
0 3 2
1 3 3
1 2 1
2 2 0
3 2 0
3 3 1
3 4 1
3 5 1
3 6 0
4 6 3
4 5 0
4 4 1
4 3 1
4 2 1
4 1 1
4 0 1
5 0 0
5 1 0
5 2 1
5 3 1
5 4 1
5 5 1
5 6 1
5 7 2
6 7 0
7 7 0
8 7 0
9 7 3
9 6 0
8 6 0
8 5 0
8 4 1
8 3 1
8 2 0
7 2 0
7 1 0
6 1 0
6 0 1
7 0 0
8 0 0
9 0 0
