59
10
8
20
10
10
10
20
20
10
20
10
10
20
40
10
10
40
10
10
10
10
20
40
10
10
10
10
10
10
10
40
10
20
20
10
10
40
10
10
10
20
20
20
10
10
10
10
53
10
10
20
40
10
20
20
30
40
20
10
40
30
40
40
10
10
20
10
10
10
10
20
10
10
10
20
10
60
10
10
20
10
20
46
5 5 3
5 4 1
5 3 1
5 2 1
5 1 1
5 0 0
4 0 0
3 0 0
2 0 0
1 0 0
0 0 1
0 1 1
0 2 1
0 3 1
0 4 2
1 4 0
2 4 1
2 3 0
1 3 0
1 2 1
2 2 0
3 2 0
4 2 0
4 3 1
4 4 1
4 5 1
4 6 2
5 6 0
6 6 0
6 7 2
7 7 3
7 6 1
7 5 1
7 4 0
6 4 2
6 3 1
7 3 1
7 2 0
7 1 0
6 1 0
6 0 1
7 0 0
8 0 0
9 0 0
9 1 1
9 2 0
