58
10
8
20
20
10
10
10
20
10
20
10
10
40
30
30
10
30
20
10
10
10
40
30
40
40
10
10
10
10
10
40
40
10
10
10
30
50
20
40
40
60
10
10
40
30
30
30
30
10
20
10
20
30
10
20
20
10
10
10
10
30
30
10
30
40
20
10
20
40
30
20
30
30
20
20
10
20
20
10
10
20
20
45
4 2 0
3 2 0
2 2 0
1 2 1
1 3 0
1 4 0
1 5 1
1 6 0
1 7 2
2 7 0
3 7 0
4 7 0
5 7 3
5 6 1
5 5 0
5 4 0
5 3 0
5 2 0
5 1 0
4 1 0
3 1 0
2 1 0
1 1 0
0 1 2
0 0 1
1 0 0
2 0 0
3 0 0
4 0 0
5 0 0
6 0 0
7 0 0
8 0 0
9 0 0
9 1 1
9 2 3
8 2 1
8 3 0
8 4 3
7 4 0
6 4 1
6 5 3
5 5 0
4 5 1
4 6 0
