61
10
8
20
20
20
20
10
10
10
20
20
30
20
10
20
30
30
20
20
10
30
10
10
30
20
10
20
20
10
40
20
20
20
10
20
10
30
20
20
30
30
10
10
30
20
20
20
20
20
20
10
10
20
30
30
30
30
20
10
10
20
30
10
30
20
10
20
20
30
40
10
10
10
10
20
20
10
10
60
51
20
20
44
9 5 1
9 6 3
8 6 0
7 6 2
7 5 0
7 4 1
7 3 0
7 2 0
6 2 1
6 3 0
6 4 0
6 5 0
6 6 0
6 7 3
5 7 2
5 6 0
4 6 0
3 6 2
3 5 1
4 5 0
5 5 3
5 4 0
4 4 2
4 3 0
3 3 1
3 4 3
2 4 0
1 4 2
1 3 1
1 2 1
2 2 0
3 2 0
4 2 0
5 2 0
5 3 2
6 3 0
7 3 0
8 3 1
8 2 0
8 1 1
9 1 0
9 2 1
9 3 1
9 4 0
