59
10
8
20
20
10
20
20
10
10
20
10
20
10
10
10
10
20
10
50
10
10
20
20
10
20
10
10
30
20
20
10
10
60
10
10
20
20
20
20
20
10
20
20
20
10
10
10
20
10
10
20
10
20
20
10
30
30
20
20
40
10
10
10
30
30
20
20
20
20
30
20
10
10
20
20
20
20
10
10
10
20
20
42
2 0 0
1 0 0
0 0 1
0 1 2
1 1 0
1 2 1
1 3 1
1 4 1
1 5 1
1 6 2
2 6 3
2 5 1
2 4 1
3 4 0
4 4 3
4 3 1
5 3 0
6 3 0
6 4 1
6 5 0
6 6 0
6 7 2
7 7 3
7 6 0
7 5 0
7 4 1
7 3 1
7 2 1
7 1 1
8 1 0
8 2 2
9 2 0
9 3 1
9 4 1
9 5 1
9 6 3
8 6 0
7 6 0
6 6 0
5 6 0
4 6 0
3 6 0
