61
10
8
20
10
10
20
20
10
20
20
10
10
20
20
30
30
20
10
20
30
20
30
20
10
30
10
52
60
30
30
30
20
20
10
20
10
10
20
20
30
20
20
20
30
20
20
10
10
20
20
20
20
30
30
20
30
10
10
10
30
30
20
10
20
30
10
10
20
20
30
20
20
30
20
20
10
10
10
20
20
10
20
44
3 0 2
4 0 0
4 1 1
4 2 1
4 3 3
3 3 0
2 3 0
1 3 2
1 2 1
2 2 0
2 3 0
2 4 2
3 4 0
4 4 0
4 5 0
4 6 2
5 6 0
5 7 2
6 7 0
7 7 0
8 7 3
8 6 0
8 5 1
9 5 3
9 4 0
8 4 2
8 3 0
8 2 0
7 2 0
6 2 0
5 2 1
5 3 2
6 3 0
7 3 0
7 4 1
7 5 3
6 5 0
5 5 0
4 5 0
3 5 2
3 4 0
3 3 0
3 2 0
3 1 0
