59
10
8
20
10
10
20
20
20
10
20
10
30
30
20
10
20
40
10
10
30
30
10
10
30
10
20
10
40
30
10
30
10
20
20
10
10
60
30
30
30
40
10
10
10
40
30
30
10
30
10
10
40
30
10
40
10
40
10
20
40
40
10
53
10
20
10
20
40
30
30
40
10
40
10
20
10
20
20
10
20
10
20
46
7 4 3
7 3 1
7 2 1
8 2 0
9 2 3
9 1 1
9 0 0
8 0 1
8 1 1
7 1 0
7 0 0
6 0 0
5 0 0
4 0 0
3 0 0
2 0 0
1 0 0
0 0 1
0 1 1
0 2 1
0 3 2
1 3 0
1 4 1
1 5 2
2 5 0
3 5 0
4 5 0
5 5 0
6 5 0
7 5 0
8 5 0
9 5 0
9 6 1
9 7 3
8 7 0
7 7 0
6 7 0
5 7 0
4 7 0
3 7 2
3 6 1
4 6 1
4 5 0
4 4 0
4 3 0
4 2 0
