60
10
8
20
10
20
10
10
10
52
60
20
20
10
10
20
30
10
10
20
20
20
10
30
10
30
20
20
30
10
20
30
10
10
20
20
10
20
30
40
10
20
10
20
20
10
10
20
30
10
20
20
10
20
20
40
10
30
10
10
20
20
10
10
10
20
20
10
10
10
20
20
10
40
20
20
20
20
20
20
10
20
20
42
0 6 2
1 6 0
2 6 0
3 6 0
4 6 3
4 5 1
4 4 1
5 4 0
5 5 0
5 6 1
5 7 2
6 7 0
7 7 3
7 6 1
8 6 1
8 5 1
8 4 0
7 4 0
6 4 0
6 3 0
5 3 0
4 3 0
3 3 2
3 2 1
3 1 0
3 0 0
2 0 1
2 1 3
1 1 2
1 0 0
0 0 1
0 1 1
0 2 2
1 2 0
2 2 0
2 3 1
2 4 0
2 5 1
2 6 0
2 7 3
1 7 0
0 7 0
