59
10
8
20
10
10
20
60
10
10
20
20
30
30
10
30
30
53
10
10
10
20
30
10
20
40
10
20
30
20
30
10
10
30
10
10
30
20
30
30
10
30
10
10
40
30
10
30
40
40
10
20
40
20
40
40
40
30
10
20
40
40
30
10
30
20
10
10
30
30
20
30
40
40
10
20
20
10
10
10
10
10
20
46
1 6 3
1 5 0
1 4 0
1 3 1
1 2 0
1 1 0
1 0 1
2 0 0
3 0 0
3 1 0
3 2 3
2 2 1
2 3 0
2 4 1
2 5 2
3 5 0
4 5 0
5 5 1
5 4 0
5 3 1
5 2 0
5 1 1
6 1 0
6 2 2
7 2 1
7 1 1
8 1 0
9 1 0
9 2 1
9 3 1
9 4 1
9 5 1
9 6 1
9 7 3
8 7 0
7 7 0
6 7 0
5 7 0
4 7 0
3 7 0
2 7 0
1 7 0
0 7 2
0 6 1
0 5 1
0 4 0
