60
10
8
20
10
20
20
10
20
10
20
60
20
40
30
30
10
30
20
10
30
20
30
30
30
20
20
20
20
20
40
40
20
30
10
10
10
20
20
20
10
10
20
10
40
40
10
10
30
30
10
20
40
10
10
20
10
40
10
10
30
30
40
30
20
30
20
10
30
40
20
40
30
30
20
20
10
10
10
53
20
10
20
43
9 4 3
9 3 1
9 2 1
9 1 1
9 0 0
8 0 0
7 0 0
6 0 1
6 1 1
5 1 1
5 2 0
6 2 0
7 2 0
8 2 0
8 3 3
7 3 1
7 4 0
7 5 2
8 5 0
9 5 0
9 6 1
9 7 3
8 7 2
8 6 0
8 5 0
8 4 0
7 4 0
6 4 1
6 5 1
6 6 1
5 6 0
4 6 0
3 6 0
2 6 2
2 5 0
2 4 0
2 3 0
2 2 1
3 2 3
3 1 0
2 1 0
1 1 2
1 0 0
