59
10
8
20
20
10
10
10
10
10
20
10
10
40
20
10
10
10
20
20
10
10
40
10
40
20
20
20
20
51
10
40
10
20
20
20
40
30
40
30
40
10
20
10
10
40
10
40
10
40
20
10
20
10
10
40
10
40
10
10
10
20
40
20
40
30
60
20
10
30
40
30
30
30
10
20
20
10
20
10
10
20
20
42
3 2 1
3 3 1
3 4 0
4 4 0
5 4 1
5 3 1
5 2 1
6 2 0
7 2 0
7 3 0
8 3 1
8 2 0
8 1 1
8 0 0
7 0 0
6 0 0
5 0 0
4 0 1
4 1 1
3 1 2
3 0 0
2 0 1
2 1 1
2 2 1
2 3 1
1 3 1
1 4 1
1 5 1
1 6 1
1 7 2
2 7 3
2 6 1
3 6 0
3 7 2
4 7 3
4 6 1
4 5 1
5 5 0
6 5 0
7 5 0
7 6 0
7 7 0
