61
10
8
20
20
20
20
10
10
10
20
20
30
30
53
10
30
40
10
20
30
20
30
30
30
30
60
20
40
30
30
30
10
10
10
10
20
30
10
20
20
30
20
20
10
30
10
40
30
30
20
10
40
30
30
40
30
10
10
10
30
30
30
10
30
20
20
10
30
30
10
30
40
30
20
20
10
20
10
20
10
20
20
48
1 3 3
1 2 0
1 1 0
1 0 1
2 0 0
2 1 0
2 2 2
3 2 0
4 2 0
5 2 0
6 2 0
7 2 0
8 2 0
9 2 0
9 3 1
9 4 3
8 4 0
7 4 0
6 4 0
6 3 0
6 2 0
6 1 0
5 1 0
4 1 1
4 2 0
4 3 1
4 4 2
5 4 0
5 5 0
5 6 0
5 7 2
6 7 0
7 7 3
7 6 1
8 6 0
9 6 0
9 7 3
8 7 2
8 6 0
8 5 0
7 5 0
6 5 0
5 5 0
4 5 1
4 6 0
4 7 3
3 7 0
2 7 0
