59
10
8
20
10
10
10
10
20
20
20
20
20
10
10
30
10
10
10
10
30
20
20
40
30
10
20
20
40
10
10
10
30
30
20
10
10
40
10
20
40
10
10
10
60
20
20
40
40
20
10
10
10
20
10
10
10
40
20
10
30
40
10
40
40
10
20
10
10
10
10
20
20
40
10
20
20
10
10
51
10
20
20
42
9 4 1
9 5 1
9 6 3
8 6 0
8 5 0
7 5 0
7 4 0
6 4 0
5 4 0
5 3 0
4 3 0
3 3 0
2 3 1
2 4 0
3 4 0
4 4 0
4 5 1
3 5 0
2 5 0
1 5 0
0 5 2
0 4 1
0 3 1
0 2 1
0 1 1
0 0 1
1 0 0
1 1 2
2 1 0
3 1 1
3 0 1
4 0 0
5 0 0
6 0 0
7 0 0
8 0 0
9 0 0
9 1 3
8 1 0
7 1 0
6 1 0
5 1 0
