60
10
8
20
20
10
10
10
10
10
20
20
20
20
30
10
20
30
10
10
30
10
30
30
20
10
20
10
30
10
10
40
10
20
10
10
20
30
20
10
20
40
20
10
10
30
20
10
20
10
10
60
50
10
30
30
20
30
10
10
30
30
10
20
10
20
10
10
20
10
10
10
20
10
10
20
10
20
10
20
10
10
20
48
6 1 0
5 1 0
4 1 1
4 2 0
4 3 2
5 3 0
5 4 1
5 5 3
4 5 1
4 6 0
5 6 0
6 6 0
7 6 3
7 5 1
7 4 1
8 4 0
9 4 3
9 3 1
9 2 0
8 2 0
7 2 0
6 2 0
5 2 0
4 2 0
3 2 0
2 2 0
1 2 1
1 3 0
1 4 1
1 5 2
2 5 0
2 6 1
2 7 3
1 7 0
0 7 2
0 6 1
0 5 1
0 4 1
0 3 1
0 2 1
0 1 1
1 1 3
1 0 1
2 0 0
3 0 0
4 0 0
5 0 0
6 0 0
