62
10
8
20
20
20
20
20
10
10
20
20
10
20
20
10
40
40
20
20
10
40
10
10
40
10
10
20
40
20
10
30
20
20
10
20
40
10
20
20
40
40
20
20
10
40
10
10
10
40
10
20
10
20
10
40
30
10
20
20
40
20
10
10
51
20
20
10
10
10
10
20
20
30
60
20
10
20
10
10
10
10
20
42
7 5 1
7 6 3
6 6 0
5 6 0
5 5 1
5 4 1
5 3 1
5 2 0
4 2 0
3 2 1
3 3 1
3 4 0
3 5 2
4 5 1
4 4 0
3 4 0
2 4 0
1 4 0
0 4 2
0 3 1
1 3 3
1 2 0
0 2 2
0 1 1
1 1 0
2 1 0
3 1 1
3 0 1
4 0 0
4 1 0
5 1 0
6 1 0
7 1 0
7 2 2
8 2 0
9 2 0
9 3 1
9 4 1
9 5 1
9 6 1
9 7 3
8 7 0
