62
10
8
20
10
10
20
10
10
10
20
20
10
20
10
20
20
20
20
20
30
10
30
20
10
10
10
50
40
20
20
10
20
10
10
60
20
20
10
10
10
10
10
10
10
20
10
10
30
10
10
10
40
20
10
10
10
40
10
10
30
20
10
10
10
20
10
10
20
20
10
30
20
10
20
20
10
10
10
10
10
20
20
48
3 0 0
2 0 1
2 1 0
2 2 1
2 3 0
2 4 3
1 4 1
1 5 2
2 5 0
3 5 3
3 4 1
3 3 0
2 3 0
1 3 0
0 3 1
0 4 1
0 5 1
0 6 1
0 7 2
1 7 3
1 6 1
2 6 0
3 6 0
4 6 0
5 6 0
6 6 1
6 5 1
6 4 1
6 3 1
6 2 1
7 2 0
7 3 1
7 4 1
7 5 1
7 6 2
8 6 0
9 6 3
9 5 1
9 4 1
9 3 1
9 2 1
9 1 1
9 0 0
8 0 0
7 0 0
6 0 0
5 0 0
4 0 0
