59
10
8
20
20
20
10
10
10
10
60
10
10
10
10
30
40
40
10
10
20
30
10
30
30
20
10
10
10
10
30
10
30
30
20
20
20
30
10
10
30
20
20
10
10
20
30
10
20
20
20
20
10
30
20
30
20
20
20
20
30
30
20
30
20
10
10
10
10
40
50
20
30
30
10
20
20
10
20
10
10
20
20
45
8 3 0
7 3 2
7 2 0
7 1 0
7 0 1
8 0 0
9 0 0
9 1 3
8 1 0
7 1 0
6 1 0
5 1 0
4 1 2
4 0 0
3 0 0
2 0 0
1 0 0
0 0 1
0 1 2
1 1 0
2 1 0
2 2 0
2 3 1
2 4 0
2 5 0
2 6 3
1 6 0
1 5 1
2 5 0
3 5 0
4 5 0
5 5 3
5 4 1
5 3 0
5 2 0
4 2 0
3 2 0
2 2 0
1 2 0
0 2 1
0 3 1
0 4 1
0 5 1
0 6 1
0 7 0
