61
10
8
20
20
10
20
10
10
20
20
10
20
10
40
10
10
10
10
10
10
40
10
40
20
10
10
20
10
10
10
40
10
30
10
20
20
10
40
20
20
10
10
10
30
20
10
10
10
30
20
20
30
10
40
51
10
40
20
10
30
40
10
10
20
40
10
20
10
10
40
40
20
40
60
20
20
10
10
10
10
10
20
46
6 4 1
6 5 1
6 6 1
5 6 0
4 6 0
3 6 0
2 6 0
1 6 0
0 6 2
0 5 1
0 4 1
0 3 1
1 3 1
1 2 1
1 1 0
0 1 2
0 0 1
1 0 0
2 0 0
3 0 0
3 1 1
3 2 1
3 3 1
3 4 0
4 4 3
4 3 1
5 3 0
6 3 1
6 2 1
6 1 0
6 0 0
5 0 0
4 0 1
4 1 2
5 1 0
6 1 0
7 1 0
8 1 0
9 1 0
9 2 1
9 3 1
9 4 1
9 5 1
9 6 1
9 7 3
8 7 0
