60
10
8
20
20
20
10
20
10
10
20
10
20
20
10
10
30
10
20
20
10
30
20
30
20
20
20
10
20
30
30
10
20
10
10
20
30
40
10
10
30
51
20
10
10
20
20
20
10
10
10
10
10
20
30
20
30
10
10
20
20
40
10
20
10
20
20
20
10
20
30
10
10
30
10
20
20
10
60
20
10
20
20
43
4 6 1
4 7 2
5 7 0
6 7 0
7 7 3
7 6 1
8 6 0
9 6 3
9 5 1
9 4 0
8 4 0
7 4 2
7 3 1
7 2 0
6 2 1
6 3 0
6 4 3
5 4 2
5 3 0
4 3 0
3 3 0
2 3 2
2 2 0
2 1 1
2 0 0
1 0 0
0 0 1
0 1 2
1 1 0
1 2 2
2 2 0
3 2 0
4 2 1
4 1 0
4 0 1
5 0 0
6 0 0
7 0 0
7 1 2
8 1 0
9 1 0
9 2 1
9 3 0
