62
10
8
20
53
10
20
10
20
10
20
10
20
20
30
20
30
40
10
10
40
20
20
40
20
20
10
10
30
20
30
30
10
20
10
10
20
30
20
20
20
20
10
10
20
10
20
20
20
30
20
10
30
30
20
30
10
30
20
10
30
20
10
20
30
30
10
20
30
10
10
20
40
30
20
20
10
10
10
10
10
60
20
45
0 1 3
0 0 1
1 0 0
2 0 0
3 0 0
4 0 0
5 0 0
6 0 0
7 0 0
8 0 0
8 1 0
8 2 1
8 3 1
8 4 3
7 4 2
7 3 1
7 2 0
6 2 0
5 2 0
4 2 0
3 2 1
3 3 0
3 4 0
3 5 1
3 6 3
2 6 2
2 5 0
1 5 0
0 5 1
0 6 1
0 7 2
1 7 0
2 7 0
3 7 0
4 7 0
5 7 3
5 6 0
5 5 0
4 5 1
4 6 2
5 6 0
6 6 0
7 6 0
8 6 0
9 6 0
