60
10
8
60
10
20
20
10
20
10
20
20
10
30
10
10
40
10
10
10
20
40
10
40
20
10
10
10
10
10
40
51
10
20
10
20
10
10
30
40
10
30
10
10
10
20
40
20
10
40
10
10
10
10
10
40
20
20
20
20
10
10
10
40
10
20
20
10
10
40
10
10
40
20
10
20
10
20
10
20
10
10
20
44
3 4 1
3 5 1
3 6 2
4 6 0
5 6 1
5 5 1
5 4 0
4 4 0
4 3 0
4 2 1
4 1 1
4 0 1
5 0 0
6 0 0
7 0 0
7 1 1
7 2 1
7 3 1
7 4 0
8 4 0
9 4 0
9 5 1
9 6 1
9 7 3
8 7 0
7 7 2
7 6 0
6 6 1
6 7 3
5 7 0
4 7 0
3 7 0
2 7 0
1 7 0
0 7 2
0 6 1
0 5 1
1 5 1
1 4 1
1 3 1
1 2 0
1 1 1
1 0 0
0 0 0
