61
10
8
20
20
10
20
20
10
10
20
10
30
10
30
30
20
30
20
10
20
20
10
40
30
30
20
20
10
30
20
30
30
30
10
10
30
20
10
30
20
30
10
20
30
20
10
10
30
30
10
10
30
10
10
30
20
30
10
10
20
10
10
20
30
20
10
20
10
20
40
30
10
20
20
60
20
10
20
20
10
51
20
47
9 6 1
9 7 3
8 7 2
8 6 0
7 6 2
7 5 0
7 4 0
6 4 0
5 4 0
4 4 0
3 4 0
2 4 1
2 5 0
2 6 0
2 7 3
1 7 2
1 6 0
1 5 1
2 5 0
3 5 0
4 5 3
4 4 0
4 3 1
4 2 0
3 2 0
2 2 2
2 1 0
1 1 0
0 1 1
0 2 1
0 3 2
1 3 0
2 3 0
3 3 3
3 2 0
3 1 1
3 0 1
4 0 0
5 0 0
5 1 0
5 2 2
6 2 0
7 2 0
8 2 3
8 1 1
8 0 1
9 0 0
