61
10
8
20
10
10
10
20
20
10
20
10
10
20
30
20
30
30
20
20
30
30
30
20
20
20
10
20
10
10
10
10
20
20
20
10
60
30
10
30
30
10
10
10
10
30
20
10
10
10
10
20
10
30
20
30
30
30
20
10
10
10
30
30
10
52
10
10
10
30
30
10
20
20
10
20
20
10
20
20
20
20
20
47
7 6 2
8 6 3
8 5 0
7 5 0
6 5 0
5 5 0
4 5 0
3 5 2
3 4 1
3 3 1
3 2 1
3 1 1
3 0 0
2 0 1
2 1 0
2 2 0
2 3 0
2 4 3
1 4 1
1 5 0
1 6 0
1 7 3
0 7 2
0 6 1
0 5 1
1 5 0
2 5 0
2 6 2
3 6 0
3 7 2
4 7 0
5 7 0
6 7 3
6 6 0
6 5 0
6 4 0
6 3 1
7 3 0
8 3 0
9 3 3
9 2 1
9 1 0
8 1 0
7 1 0
6 1 0
5 1 0
4 1 0
