58
10
8
20
10
10
10
10
10
20
20
20
20
10
10
10
30
30
20
10
30
20
20
20
20
20
20
20
20
10
30
52
10
20
10
10
10
30
30
20
10
30
20
20
10
30
10
10
10
30
20
10
30
10
10
30
10
20
10
20
10
30
10
30
10
20
10
20
30
30
20
10
40
30
10
20
10
60
20
10
10
10
20
45
3 4 2
4 4 0
4 5 1
4 6 0
4 7 3
3 7 0
2 7 2
2 6 0
1 6 0
0 6 1
0 7 2
1 7 3
1 6 0
1 5 0
1 4 1
1 3 1
1 2 1
1 1 1
2 1 0
3 1 3
3 0 1
4 0 0
5 0 0
5 1 1
5 2 0
5 3 1
5 4 1
5 5 1
5 6 0
5 7 2
6 7 0
7 7 0
8 7 0
9 7 3
9 6 1
9 5 1
9 4 1
9 3 0
8 3 2
8 2 0
8 1 0
8 0 1
9 0 0
9 1 1
9 2 0
