58
10
8
20
10
20
10
10
20
10
20
10
10
20
10
40
30
40
10
10
10
40
10
30
20
10
10
10
20
10
20
20
10
10
10
20
20
40
20
20
10
10
20
20
40
10
10
10
10
10
20
10
40
40
40
20
40
50
10
10
10
40
10
10
10
60
10
10
10
40
20
20
10
10
10
20
20
20
10
20
10
10
20
42
6 6 0
5 6 0
4 6 0
3 6 0
2 6 0
1 6 0
1 5 0
1 4 1
2 4 0
3 4 3
3 3 1
4 3 0
4 4 2
5 4 0
6 4 0
6 5 1
5 5 0
4 5 0
3 5 0
2 5 2
2 4 0
2 3 1
2 2 1
3 2 0
4 2 1
4 1 1
5 1 1
5 0 1
6 0 0
7 0 0
8 0 0
9 0 0
9 1 3
8 1 0
7 1 0
6 1 1
6 2 0
7 2 0
7 3 1
7 4 1
7 5 1
7 6 0
