60
10
8
20
10
20
20
10
20
20
20
20
20
10
10
10
20
40
20
20
20
30
10
20
10
10
20
10
10
40
50
10
10
10
10
20
10
10
30
20
10
10
10
10
20
20
20
20
20
10
20
10
10
20
10
10
20
10
20
60
20
30
20
40
40
10
20
10
10
20
20
20
10
10
10
20
10
20
20
10
20
20
20
42
3 3 0
2 3 0
1 3 0
0 3 1
0 4 1
0 5 2
1 5 0
1 6 0
2 6 0
3 6 0
4 6 0
5 6 0
6 6 0
7 6 0
8 6 0
9 6 3
9 5 0
8 5 0
7 5 0
7 4 1
8 4 3
8 3 0
7 3 2
7 2 0
7 1 0
6 1 0
5 1 1
5 2 2
6 2 0
6 3 1
6 4 1
6 5 3
5 5 2
5 4 0
4 4 2
4 3 0
4 2 1
4 1 1
4 0 1
5 0 0
6 0 0
7 0 0
