59
10
8
20
20
20
10
10
10
10
20
10
30
10
30
60
30
30
10
10
30
30
10
30
30
20
20
20
30
40
20
30
20
40
10
20
20
10
30
30
30
10
10
10
30
30
30
40
30
30
20
10
52
20
40
20
30
30
10
20
30
10
20
30
30
10
10
20
10
20
20
30
20
10
10
20
20
20
20
20
10
10
20
45
6 1 2
7 1 0
8 1 0
9 1 0
9 2 3
8 2 1
8 3 3
7 3 2
7 2 1
7 1 0
7 0 0
6 0 0
5 0 0
4 0 1
4 1 3
3 1 0
2 1 0
1 1 0
0 1 1
0 2 2
1 2 0
2 2 0
3 2 0
3 3 2
4 3 0
5 3 0
6 3 0
6 4 2
7 4 0
8 4 0
9 4 0
9 5 1
9 6 1
9 7 3
8 7 0
7 7 0
6 7 0
5 7 2
5 6 0
5 5 0
5 4 0
4 4 0
3 4 0
2 4 0
1 4 0
