62
10
8
20
20
20
10
20
10
10
20
10
30
20
30
10
20
20
20
20
40
30
10
40
20
10
20
10
10
40
40
30
10
40
20
10
60
10
20
10
40
40
20
20
30
10
20
20
30
40
20
20
10
10
40
10
30
10
10
10
30
10
20
10
20
10
10
20
20
50
20
10
10
30
20
20
20
20
20
20
20
10
20
42
8 2 0
7 2 0
6 2 0
5 2 0
4 2 0
3 2 1
3 3 0
4 3 0
4 4 1
4 5 0
5 5 0
6 5 0
7 5 3
7 4 1
7 3 1
8 3 0
8 4 1
8 5 1
8 6 0
8 7 3
7 7 0
6 7 0
5 7 2
5 6 0
4 6 1
4 7 3
3 7 2
3 6 0
2 6 0
1 6 1
1 7 3
0 7 2
0 6 1
0 5 1
0 4 1
1 4 0
2 4 1
2 3 1
2 2 0
2 1 1
3 1 0
4 1 0
