62
10
8
20
20
51
10
10
10
20
20
20
30
10
30
30
30
30
20
10
60
30
10
30
30
30
20
10
30
40
20
10
10
20
10
10
30
30
30
40
40
30
10
10
40
40
20
10
30
40
20
20
10
30
30
10
20
10
10
20
40
30
10
30
40
30
20
10
30
30
30
40
20
30
10
20
10
10
10
10
10
20
20
50
0 2 1
0 3 1
0 4 1
0 5 1
0 6 2
1 6 0
2 6 0
3 6 3
3 5 1
3 4 1
3 3 1
4 3 0
5 3 0
5 4 1
5 5 0
5 6 0
6 6 0
7 6 0
8 6 0
9 6 0
9 7 3
8 7 0
7 7 2
7 6 0
7 5 0
6 5 2
6 4 1
6 3 0
6 2 0
6 1 1
6 0 0
5 0 0
4 0 0
3 0 0
2 0 0
1 0 1
1 1 0
1 2 1
1 3 0
1 4 0
1 5 0
1 6 0
1 7 2
2 7 3
2 6 0
2 5 0
2 4 0
2 3 1
2 2 0
2 1 0
