62
10
8
20
10
20
20
10
10
10
20
10
20
20
30
10
10
30
20
20
10
10
30
10
10
20
20
10
20
20
20
20
30
30
20
10
20
30
10
20
30
20
20
10
20
30
30
30
20
40
10
20
30
30
20
10
10
10
10
10
30
60
10
30
10
10
20
20
10
30
20
30
20
30
10
20
20
10
53
10
10
10
20
48
9 3 3
9 2 1
9 1 0
8 1 0
7 1 0
6 1 0
5 1 1
5 2 0
5 3 0
5 4 0
5 5 2
6 5 0
7 5 0
8 5 3
8 4 0
8 3 0
7 3 0
6 3 2
6 2 0
6 1 0
6 0 0
5 0 0
4 0 0
3 0 0
2 0 1
2 1 1
2 2 1
2 3 0
2 4 1
2 5 1
2 6 2
3 6 0
4 6 0
4 7 3
3 7 2
3 6 0
3 5 0
3 4 1
4 4 3
4 3 1
4 2 0
4 1 0
3 1 1
3 2 2
4 2 0
5 2 0
6 2 0
7 2 0
