60
10
8
20
20
10
20
20
20
20
20
20
30
10
20
30
40
30
10
10
20
10
30
30
30
40
10
10
40
20
10
40
20
20
10
20
30
50
30
40
30
20
10
20
10
10
30
20
30
30
10
10
20
10
40
30
10
10
20
10
10
30
40
30
30
10
10
10
10
40
60
20
10
30
10
20
10
10
10
10
10
10
20
46
4 2 0
3 2 2
3 1 0
2 1 1
2 2 1
2 3 0
2 4 0
2 5 0
2 6 0
3 6 3
3 5 0
2 5 0
1 5 0
1 4 0
1 3 1
2 3 0
3 3 0
4 3 0
5 3 0
6 3 0
6 4 0
6 5 1
6 6 1
6 7 2
7 7 0
8 7 0
9 7 3
9 6 1
9 5 1
9 4 1
9 3 1
9 2 1
9 1 1
9 0 0
8 0 0
7 0 0
6 0 0
5 0 1
5 1 1
5 2 1
5 3 0
5 4 2
6 4 0
7 4 0
8 4 3
8 3 0
