60
10
8
20
20
10
10
10
10
10
20
20
10
10
10
30
30
10
10
20
20
10
20
10
10
53
10
10
10
10
20
10
10
20
60
10
10
10
20
20
10
10
10
10
20
30
40
20
10
10
20
10
30
40
10
20
20
10
10
20
30
10
20
10
10
10
20
10
20
40
10
10
10
10
20
20
20
20
10
10
10
20
20
47
2 6 3
2 5 1
2 4 1
2 3 1
3 3 0
3 4 1
3 5 1
3 6 2
4 6 0
5 6 0
6 6 0
7 6 0
8 6 0
9 6 3
9 5 1
9 4 1
9 3 1
9 2 0
8 2 0
8 1 0
7 1 0
6 1 0
5 1 1
5 2 0
5 3 0
6 3 0
7 3 3
7 2 1
7 1 0
7 0 0
6 0 0
5 0 0
4 0 0
3 0 0
2 0 1
2 1 3
1 1 0
0 1 1
0 2 1
0 3 1
0 4 1
0 5 1
0 6 1
0 7 2
1 7 0
2 7 0
3 7 0
