60
10
8
20
20
20
10
10
10
20
20
20
10
10
53
30
30
20
10
20
10
10
20
10
20
10
20
10
20
10
30
10
10
40
10
10
20
10
30
20
20
20
20
20
10
20
10
10
20
10
10
20
20
10
10
20
20
30
10
20
10
30
20
10
10
10
10
10
10
10
60
40
20
20
10
20
10
20
10
20
10
10
20
44
1 3 3
1 2 1
1 1 1
1 0 1
2 0 0
2 1 1
2 2 1
2 3 2
3 3 0
4 3 0
5 3 0
6 3 0
7 3 3
7 2 0
7 1 1
7 0 0
6 0 1
6 1 3
5 1 0
4 1 1
4 2 1
4 3 0
4 4 2
5 4 0
6 4 0
6 5 2
7 5 0
8 5 0
8 6 3
7 6 0
6 6 0
5 6 0
4 6 1
4 7 2
5 7 0
6 7 0
7 7 0
8 7 0
9 7 3
9 6 1
9 5 1
9 4 0
8 4 0
8 3 0
