62
10
8
20
60
20
10
20
20
10
20
10
20
10
10
20
10
30
10
10
10
10
10
30
20
10
20
10
20
20
30
20
10
20
20
20
10
51
20
10
10
20
20
20
10
10
30
20
10
10
10
20
20
20
20
10
20
20
20
10
20
10
20
20
10
20
10
10
10
20
30
10
10
40
10
20
20
10
20
20
10
20
20
44
4 2 1
4 3 2
5 3 0
6 3 0
6 4 1
6 5 3
5 5 0
4 5 0
3 5 0
2 5 1
2 6 1
2 7 2
3 7 3
3 6 1
4 6 0
4 7 2
5 7 0
6 7 3
6 6 1
7 6 3
7 5 1
7 4 1
8 4 0
9 4 3
9 3 0
8 3 0
7 3 2
7 2 1
7 1 0
6 1 2
6 0 0
5 0 1
5 1 1
5 2 1
5 3 0
5 4 3
4 4 0
3 4 2
3 3 0
3 2 0
2 2 0
1 2 0
0 2 2
0 1 0
