62
10
8
20
10
10
10
20
10
20
20
10
10
40
40
10
30
30
10
10
40
60
30
10
30
30
10
20
30
10
10
30
10
20
20
20
10
20
10
10
40
30
10
10
40
40
10
40
10
30
20
10
30
30
40
10
10
40
10
20
40
40
30
10
10
10
20
10
40
10
20
10
10
40
10
20
20
53
20
10
10
20
20
48
9 2 3
9 1 0
8 1 1
8 2 1
8 3 3
7 3 0
6 3 1
6 4 1
6 5 1
6 6 1
5 6 0
4 6 0
3 6 2
3 5 1
3 4 0
3 3 1
3 2 1
3 1 0
3 0 0
2 0 0
1 0 0
0 0 1
0 1 1
0 2 1
0 3 1
0 4 2
1 4 0
2 4 0
3 4 0
4 4 0
5 4 0
5 5 1
5 6 0
5 7 2
6 7 0
7 7 3
7 6 1
7 5 1
7 4 1
7 3 0
7 2 0
6 2 0
5 2 0
5 1 0
4 1 0
3 1 0
2 1 1
2 2 0
