58
10
8
20
60
20
20
20
10
20
20
20
10
10
10
30
10
10
20
10
10
20
20
20
40
53
10
10
10
20
40
10
10
10
20
10
20
10
20
20
40
10
20
20
10
20
10
10
40
40
20
20
10
20
10
10
10
10
10
10
20
10
10
10
10
10
10
10
10
20
10
10
40
10
20
20
10
10
10
10
10
20
20
42
2 6 3
2 5 1
3 5 0
4 5 0
4 6 1
4 7 2
5 7 3
5 6 1
6 6 0
7 6 0
8 6 0
9 6 3
9 5 1
9 4 1
9 3 1
9 2 1
9 1 1
9 0 0
8 0 0
7 0 0
6 0 1
6 1 1
6 2 2
7 2 0
8 2 0
8 3 1
8 4 1
8 5 1
7 5 0
6 5 0
5 5 0
5 4 1
5 3 1
5 2 0
4 2 0
3 2 1
3 3 1
2 3 2
2 2 0
1 2 0
0 2 2
0 1 0
