58
10
8
20
10
10
20
10
20
20
20
10
10
40
40
40
10
10
10
10
10
10
30
30
10
10
10
10
10
40
20
20
40
10
20
10
30
10
40
10
10
40
20
60
10
20
20
20
10
30
10
20
10
10
10
10
20
30
10
20
10
30
20
10
40
10
10
10
40
10
10
10
10
53
10
20
20
10
20
20
20
10
20
44
8 6 3
8 5 1
8 4 1
8 3 1
8 2 1
8 1 1
9 1 3
9 0 0
8 0 0
7 0 1
7 1 1
7 2 0
7 3 3
6 3 0
5 3 2
5 2 0
4 2 0
3 2 1
3 3 2
4 3 0
4 4 1
4 5 1
4 6 1
3 6 0
2 6 0
1 6 0
0 6 2
0 5 1
1 5 0
2 5 0
3 5 1
3 4 0
2 4 0
1 4 0
1 3 0
0 3 2
0 2 1
0 1 1
0 0 1
1 0 0
2 0 0
3 0 0
4 0 0
5 0 0
