59
10
8
20
10
10
10
10
10
10
20
10
10
10
20
10
20
10
10
20
10
20
20
10
30
20
60
10
10
20
20
10
20
10
10
20
30
10
10
10
10
10
10
20
10
10
40
10
20
20
52
20
10
20
10
10
10
20
20
20
10
20
40
20
20
30
20
10
30
10
10
10
30
20
10
20
10
10
10
10
10
10
20
46
5 7 2
6 7 3
6 6 0
5 6 2
5 5 1
6 5 0
7 5 0
7 6 0
7 7 2
8 7 0
9 7 3
9 6 1
9 5 1
9 4 1
9 3 1
9 2 1
9 1 1
9 0 0
8 0 0
7 0 1
7 1 1
7 2 3
6 2 2
6 1 1
6 0 0
5 0 1
5 1 1
5 2 1
5 3 1
4 3 0
3 3 2
3 2 0
2 2 2
2 1 1
2 0 0
1 0 0
0 0 1
0 1 1
0 2 1
0 3 1
0 4 1
0 5 1
0 6 1
0 7 2
1 7 0
2 7 0
