58
10
8
20
10
10
20
20
10
10
20
20
40
20
10
20
30
20
10
20
30
10
10
30
40
20
10
10
30
40
30
20
40
30
10
20
10
30
20
20
30
30
10
20
30
10
10
20
30
30
10
20
10
40
30
20
30
30
20
60
30
30
30
30
30
30
20
10
20
30
10
20
30
50
10
20
20
20
10
10
20
10
20
44
8 6 0
7 6 0
6 6 0
5 6 0
4 6 0
3 6 0
2 6 2
2 5 1
3 5 1
3 4 1
4 4 3
4 3 0
3 3 0
2 3 0
1 3 0
0 3 2
0 2 1
0 1 1
0 0 1
1 0 0
1 1 0
2 1 0
3 1 0
4 1 0
5 1 0
6 1 0
7 1 0
8 1 0
8 2 0
8 3 1
8 4 3
7 4 0
6 4 1
6 5 0
6 6 0
6 7 2
7 7 3
7 6 0
7 5 0
7 4 0
7 3 0
7 2 0
7 1 0
7 0 0
