60
10
8
20
20
10
20
10
20
10
20
20
20
20
30
10
10
20
10
20
30
10
20
20
20
10
10
10
10
20
10
20
10
20
10
20
20
52
10
10
10
10
10
10
10
20
10
20
30
20
20
20
20
20
10
10
60
30
10
10
30
30
20
10
20
10
10
10
20
30
30
30
30
20
10
20
10
20
20
20
10
10
20
44
4 2 2
5 2 0
5 3 1
5 4 2
6 4 0
7 4 0
8 4 0
9 4 0
9 5 1
9 6 1
9 7 3
8 7 0
7 7 0
6 7 0
5 7 2
5 6 1
6 6 0
7 6 0
8 6 3
8 5 0
8 4 0
8 3 0
8 2 0
8 1 0
7 1 0
6 1 2
6 0 0
5 0 0
4 0 1
4 1 3
3 1 0
2 1 0
1 1 1
1 2 2
2 2 0
3 2 0
3 3 1
3 4 3
2 4 1
2 5 2
3 5 0
4 5 0
5 5 0
6 5 0
