62
10
8
20
20
10
20
10
20
20
20
60
40
30
51
10
20
20
20
20
30
20
30
30
10
40
20
10
40
30
10
20
10
20
10
10
30
40
10
30
10
40
20
20
40
30
30
30
40
40
10
10
30
40
40
10
20
40
10
20
30
40
30
40
30
10
10
10
10
30
40
20
30
40
20
20
10
10
20
20
10
10
20
44
1 3 1
1 4 1
1 5 3
0 5 1
0 6 2
1 6 0
1 7 2
2 7 3
2 6 1
3 6 3
3 5 1
3 4 1
4 4 0
5 4 0
6 4 0
7 4 1
7 3 0
7 2 0
6 2 1
6 3 0
7 3 0
8 3 0
8 4 2
9 4 0
9 5 1
9 6 1
9 7 3
8 7 2
8 6 0
7 6 0
6 6 0
6 5 0
5 5 1
5 6 1
4 6 0
4 5 1
4 4 0
4 3 1
4 2 0
3 2 0
2 2 2
2 1 0
2 0 0
1 0 0
