59
10
8
20
20
10
10
10
20
10
20
20
20
40
10
30
20
10
60
10
30
40
30
40
30
20
10
20
10
30
30
30
20
30
10
10
10
40
20
30
30
10
10
10
40
20
40
30
10
20
52
20
30
30
10
30
30
20
10
10
20
30
20
20
20
20
10
20
10
30
10
30
30
20
10
20
20
20
20
10
20
20
20
43
5 7 2
6 7 0
7 7 0
8 7 0
9 7 3
9 6 0
8 6 2
8 5 0
8 4 0
8 3 1
8 2 0
8 1 1
8 0 0
7 0 0
6 0 1
6 1 0
6 2 0
6 3 1
6 4 0
6 5 0
6 6 2
7 6 3
7 5 0
6 5 0
5 5 0
4 5 0
3 5 2
3 4 0
3 3 0
3 2 0
3 1 1
3 0 0
2 0 0
1 0 1
1 1 3
0 1 1
0 2 1
0 3 1
0 4 1
0 5 2
1 5 0
1 6 1
1 7 0
