59
10
8
20
20
20
10
20
10
10
20
20
30
40
30
30
30
10
20
20
20
50
30
20
20
10
20
20
20
30
20
30
40
20
10
20
30
30
30
30
30
30
10
20
10
30
30
20
40
30
10
10
20
20
30
10
20
30
10
10
30
30
10
30
20
40
20
10
60
10
30
20
40
30
20
20
10
10
10
10
10
20
20
44
2 2 0
1 2 1
1 3 0
1 4 0
1 5 0
1 6 1
1 7 2
2 7 3
2 6 1
2 5 1
3 5 0
3 6 2
4 6 0
5 6 0
6 6 0
7 6 0
7 7 2
8 7 3
8 6 0
8 5 0
7 5 1
7 6 0
8 6 0
9 6 3
9 5 1
9 4 1
9 3 1
9 2 1
9 1 1
9 0 0
8 0 0
7 0 0
6 0 0
5 0 1
5 1 1
5 2 0
5 3 0
5 4 2
6 4 0
7 4 0
8 4 3
8 3 0
8 2 1
8 1 0
