58
10
8
20
10
10
20
10
20
10
20
20
30
60
10
20
30
10
10
20
10
20
30
30
10
10
10
20
20
10
20
30
20
52
10
10
10
20
20
10
10
20
10
20
30
10
10
30
20
30
20
10
30
20
10
40
10
10
20
10
20
30
10
10
30
20
20
10
20
30
20
20
20
10
10
20
10
10
10
20
10
20
20
43
3 6 2
4 6 3
4 5 1
4 4 1
4 3 0
3 3 1
3 4 0
3 5 3
2 5 0
1 5 0
0 5 1
0 6 1
0 7 2
1 7 0
2 7 0
3 7 0
4 7 0
5 7 3
5 6 0
5 5 1
6 5 0
7 5 0
8 5 3
8 4 1
9 4 0
9 5 1
9 6 3
8 6 0
7 6 2
7 5 0
7 4 1
7 3 1
7 2 0
7 1 0
6 1 0
5 1 0
4 1 0
3 1 2
3 0 0
2 0 1
2 1 1
2 2 3
1 2 0
