58
10
8
20
20
20
10
10
10
20
20
10
30
30
10
20
20
20
20
10
20
30
10
30
20
20
20
10
40
30
30
30
10
40
10
20
30
20
30
20
40
10
10
10
20
10
30
20
20
30
20
20
10
30
30
20
30
20
20
10
10
20
30
30
10
20
20
20
40
10
40
30
30
30
10
60
51
10
10
20
20
10
20
42
9 1 1
9 2 1
9 3 1
9 4 3
8 4 0
7 4 0
6 4 1
6 5 0
6 6 3
5 6 0
4 6 0
3 6 0
3 5 1
3 4 0
3 3 0
3 2 0
3 1 0
2 1 1
2 2 0
2 3 1
2 4 0
2 5 3
1 5 1
1 6 2
2 6 0
2 7 2
3 7 0
4 7 0
5 7 3
5 6 0
5 5 0
4 5 0
4 4 1
5 4 3
5 3 0
5 2 1
5 1 1
6 1 0
7 1 0
8 1 1
8 0 1
9 0 0
