59
10
8
20
10
10
10
10
10
60
20
10
20
40
30
20
40
53
20
10
30
30
20
40
40
30
10
10
30
10
10
10
30
30
20
10
20
20
10
30
30
40
10
20
10
10
30
10
20
30
10
20
30
20
30
40
30
20
10
10
30
30
40
30
40
40
20
20
40
30
10
10
30
40
20
20
10
10
10
20
10
10
20
46
1 6 3
1 5 1
2 5 1
2 4 0
1 4 2
1 3 0
1 2 1
2 2 0
3 2 0
4 2 0
4 3 1
4 4 0
4 5 0
4 6 0
5 6 0
6 6 3
6 5 0
6 4 1
7 4 0
8 4 0
9 4 0
9 5 1
9 6 1
9 7 3
8 7 2
8 6 0
7 6 0
7 5 0
6 5 0
5 5 2
5 4 1
5 3 0
5 2 1
5 1 1
5 0 0
4 0 0
3 0 0
2 0 0
1 0 0
0 0 1
0 1 1
0 2 1
0 3 1
0 4 1
0 5 1
0 6 0
