59
10
8
20
10
20
10
20
20
20
20
10
30
30
30
40
40
20
20
52
10
20
10
20
20
20
20
10
30
20
30
20
30
10
10
10
20
40
10
20
30
30
10
10
30
20
20
30
10
10
10
10
30
30
40
30
10
30
20
20
20
10
40
20
20
30
10
10
20
10
30
30
30
20
20
60
10
10
20
20
20
20
20
42
2 0 2
3 0 0
4 0 0
5 0 0
6 0 0
7 0 0
7 1 2
8 1 0
8 2 1
8 3 0
8 4 0
8 5 0
8 6 3
7 6 0
6 6 0
5 6 0
4 6 0
3 6 0
2 6 1
2 7 2
3 7 0
4 7 0
5 7 0
6 7 3
6 6 0
6 5 1
6 4 0
6 3 0
5 3 2
5 2 0
4 2 1
4 3 1
4 4 2
5 4 0
6 4 0
7 4 3
7 3 1
8 3 0
9 3 3
9 2 1
9 1 1
9 0 0
