61
10
8
20
20
10
10
10
20
10
20
20
20
20
10
10
20
20
20
20
10
30
60
20
20
10
20
10
20
40
20
52
40
10
20
10
10
10
10
20
10
10
20
10
10
20
10
40
20
10
10
20
10
30
20
10
20
20
10
20
10
20
10
10
20
10
10
20
10
10
10
10
20
20
20
20
20
20
10
10
10
10
20
43
3 4 2
4 4 0
4 5 1
4 6 1
4 7 2
5 7 0
6 7 0
7 7 0
8 7 3
8 6 0
7 6 0
6 6 2
6 5 1
7 5 3
7 4 1
7 3 1
7 2 1
8 2 0
9 2 3
9 1 0
8 1 0
7 1 0
6 1 0
5 1 0
4 1 0
3 1 1
3 2 1
2 2 0
1 2 1
1 3 1
1 4 1
1 5 3
0 5 2
0 4 1
0 3 1
0 2 1
0 1 1
1 1 3
1 0 1
2 0 0
2 1 1
2 2 0
2 3 0
