62
10
8
20
20
20
10
10
10
53
20
10
30
20
20
30
30
20
10
20
20
30
30
10
30
30
20
20
20
10
10
10
20
60
10
10
20
20
10
30
20
30
10
10
20
20
10
10
20
40
10
10
10
30
20
30
30
30
20
10
10
10
10
20
30
10
20
10
20
20
20
30
30
30
10
20
10
20
20
10
20
10
20
48
0 6 3
0 5 1
0 4 1
0 3 1
0 2 1
1 2 0
1 3 2
2 3 0
3 3 0
4 3 0
5 3 0
6 3 0
6 4 0
6 5 0
6 6 0
6 7 3
5 7 0
4 7 0
3 7 0
2 7 2
2 6 0
2 5 0
2 4 1
2 3 0
2 2 0
2 1 1
3 1 3
3 0 1
4 0 0
5 0 0
6 0 0
7 0 0
8 0 0
9 0 0
9 1 1
9 2 3
8 2 1
8 3 2
9 3 0
9 4 1
9 5 3
8 5 0
7 5 0
6 5 0
5 5 1
5 6 1
4 6 0
3 6 0
