61
10
8
20
10
20
10
10
10
20
20
20
10
30
40
20
30
40
10
20
30
40
30
20
20
20
20
10
30
20
10
10
20
30
10
10
30
20
20
52
30
30
10
20
30
30
10
10
20
20
10
10
30
40
10
40
40
20
10
60
10
30
10
30
30
10
10
20
20
20
30
40
40
40
20
20
20
20
10
10
10
20
20
44
4 4 2
5 4 0
6 4 0
6 5 1
5 5 1
5 6 3
4 6 0
3 6 0
2 6 1
2 7 3
1 7 0
0 7 2
0 6 1
1 6 1
1 5 0
1 4 1
2 4 3
2 3 0
2 2 0
1 2 0
0 2 2
0 1 1
0 0 1
1 0 0
1 1 1
1 2 0
1 3 0
2 3 0
3 3 0
4 3 3
4 2 1
5 2 0
6 2 0
6 3 1
6 4 0
7 4 0
8 4 1
8 3 0
8 2 1
9 2 3
9 1 0
8 1 2
8 0 0
7 0 0
