59
10
8
20
10
20
20
20
10
10
20
10
10
10
30
20
40
20
10
60
40
10
10
10
10
20
20
10
10
10
20
20
10
10
10
10
40
10
10
20
20
10
20
10
30
10
10
40
40
30
10
10
20
10
10
10
30
10
10
10
40
10
10
10
10
20
20
10
40
10
10
40
30
10
10
20
10
20
10
10
51
10
20
47
9 5 1
9 6 1
9 7 3
8 7 0
7 7 2
7 6 0
6 6 0
5 6 0
4 6 0
3 6 0
2 6 1
2 7 3
1 7 0
0 7 2
0 6 1
0 5 1
0 4 1
1 4 0
1 5 0
2 5 0
3 5 0
4 5 3
4 4 0
3 4 2
3 3 0
2 3 0
1 3 0
0 3 2
0 2 1
1 2 0
2 2 0
3 2 0
4 2 0
5 2 0
6 2 0
7 2 0
8 2 0
9 2 3
9 1 1
9 0 0
8 0 0
7 0 0
6 0 0
5 0 0
4 0 0
3 0 0
2 0 0
