60
10
8
20
20
10
20
10
20
20
20
20
40
30
30
40
10
10
20
10
20
30
40
30
30
20
10
10
30
51
10
30
30
10
20
10
40
30
30
30
30
30
10
10
10
40
40
30
30
10
20
10
30
30
30
40
30
10
10
10
30
20
20
10
40
40
10
10
40
30
20
40
10
20
10
20
10
10
10
20
10
60
20
47
3 2 1
3 3 1
3 4 0
3 5 0
3 6 1
3 7 2
4 7 0
5 7 3
5 6 1
5 5 0
5 4 0
5 3 1
6 3 0
7 3 0
7 4 1
7 5 1
6 5 0
5 5 0
4 5 0
3 5 0
2 5 0
1 5 0
0 5 2
0 4 1
0 3 1
1 3 0
2 3 1
2 2 0
2 1 0
1 1 0
1 0 1
2 0 0
3 0 0
4 0 0
5 0 0
6 0 0
7 0 0
8 0 0
9 0 0
9 1 1
9 2 1
9 3 1
9 4 3
8 4 1
8 5 1
8 6 2
9 6 0
