58
10
8
20
20
60
10
20
10
10
20
10
10
20
30
10
20
20
10
10
30
20
20
30
30
10
10
50
30
30
30
10
10
20
10
10
20
30
20
20
10
30
10
10
20
10
30
10
20
20
20
10
40
20
10
20
20
20
10
20
30
20
30
30
10
20
20
20
30
20
30
30
20
20
20
20
10
20
10
20
10
10
20
42
3 0 0
2 0 0
1 0 0
0 0 1
0 1 2
1 1 0
2 1 0
3 1 0
4 1 0
4 2 0
4 3 3
3 3 0
2 3 2
2 2 1
3 2 0
4 2 0
5 2 0
6 2 0
6 3 1
6 4 2
7 4 0
8 4 0
9 4 3
9 3 1
9 2 0
8 2 1
8 3 0
8 4 0
8 5 3
7 5 0
6 5 1
6 6 3
5 6 2
5 5 0
4 5 0
3 5 0
2 5 0
1 5 2
1 4 1
1 3 0
1 2 0
0 2 0
