61
10
8
20
10
10
20
20
10
20
20
10
30
20
30
30
10
30
20
10
20
30
10
10
20
60
10
10
10
10
20
30
10
10
20
10
30
10
20
10
20
30
10
10
40
10
30
40
40
20
20
50
40
40
30
20
30
40
10
20
10
20
10
10
20
10
20
20
10
30
40
10
20
40
10
20
20
10
10
10
10
20
20
45
6 0 0
5 0 0
4 0 0
3 0 0
2 0 0
1 0 0
0 0 1
0 1 1
0 2 1
0 3 2
1 3 0
2 3 0
3 3 0
3 4 0
3 5 1
3 6 1
3 7 2
4 7 0
5 7 3
5 6 1
6 6 1
6 5 0
6 4 0
5 4 0
5 3 0
5 2 1
5 1 1
6 1 0
6 2 0
7 2 0
7 3 1
7 4 1
7 5 3
6 5 0
5 5 0
5 4 0
4 4 0
3 4 0
2 4 0
1 4 0
0 4 1
0 5 1
0 6 2
1 6 0
2 6 0
