62
10
8
20
10
10
20
20
10
10
20
10
20
20
40
10
10
30
10
10
10
40
30
40
30
40
10
10
40
40
20
10
10
40
20
20
40
20
30
10
20
40
20
20
10
10
40
40
30
10
20
10
20
10
30
10
30
30
20
10
52
10
10
10
10
40
20
20
10
10
10
40
60
20
20
20
20
10
10
10
10
10
20
46
7 1 2
8 1 0
9 1 0
9 2 1
9 3 1
9 4 1
9 5 1
9 6 1
9 7 3
8 7 2
8 6 0
7 6 1
7 7 3
6 7 2
6 6 0
6 5 0
6 4 1
6 3 0
6 2 1
6 1 0
5 1 0
4 1 1
4 2 3
3 2 0
3 1 0
2 1 0
1 1 1
1 2 2
2 2 0
2 3 0
2 4 1
1 4 0
0 4 1
0 5 1
0 6 1
0 7 2
1 7 0
2 7 0
3 7 3
3 6 1
4 6 1
4 5 1
5 5 0
6 5 0
7 5 0
8 5 0
