58
10
8
20
10
20
10
10
20
10
20
10
20
10
30
30
10
20
20
10
40
30
10
30
20
10
10
10
30
10
10
10
40
10
10
10
20
30
10
40
20
10
20
20
10
10
30
20
10
10
10
20
30
20
40
30
40
30
10
20
20
10
20
10
30
20
20
20
10
40
40
51
20
10
10
20
10
10
60
20
10
10
20
43
8 4 1
8 5 3
7 5 0
6 5 0
6 4 0
6 3 1
7 3 0
7 4 1
7 5 0
7 6 3
6 6 0
5 6 0
4 6 0
3 6 0
2 6 0
1 6 1
1 7 3
0 7 2
0 6 1
0 5 1
1 5 0
2 5 3
2 4 0
2 3 1
2 2 0
2 1 1
3 1 0
4 1 0
4 2 0
4 3 1
4 4 0
5 4 3
5 3 0
5 2 1
5 1 1
5 0 1
6 0 0
6 1 0
6 2 2
7 2 0
8 2 0
8 3 0
9 3 0
