58
10
8
20
20
10
10
20
10
20
20
10
40
40
40
20
20
40
20
10
10
40
10
10
40
10
10
20
10
10
20
40
40
52
10
10
10
20
20
10
20
10
10
10
10
30
10
40
20
10
10
10
30
10
20
30
30
10
10
20
40
10
40
30
20
10
60
10
30
40
20
40
10
10
20
20
10
20
20
10
10
20
20
42
3 6 2
4 6 0
5 6 0
6 6 0
7 6 0
8 6 0
9 6 3
9 5 1
9 4 1
9 3 0
8 3 2
8 2 1
9 2 3
9 1 1
9 0 0
8 0 0
7 0 1
7 1 1
6 1 0
5 1 0
4 1 0
3 1 0
2 1 0
1 1 1
1 2 0
2 2 0
2 3 1
2 4 1
2 5 1
1 5 2
1 4 0
0 4 1
0 5 1
0 6 2
1 6 0
1 7 2
2 7 0
3 7 0
4 7 0
5 7 0
6 7 0
7 7 0
