60
10
8
20
20
20
10
10
20
10
60
20
10
20
53
30
20
10
10
20
10
10
20
20
30
20
20
10
20
10
10
40
30
10
10
10
20
30
30
20
30
30
10
10
20
10
20
10
20
10
10
20
10
10
30
10
30
20
10
20
30
30
30
30
40
20
10
10
20
20
30
20
10
30
20
20
20
10
20
10
20
20
20
44
1 3 3
1 2 0
0 2 2
0 1 1
1 1 0
2 1 0
3 1 0
3 2 1
3 3 1
3 4 0
4 4 3
4 3 0
4 2 0
4 1 1
5 1 0
5 2 1
5 3 2
6 3 0
7 3 0
8 3 0
9 3 0
9 4 1
9 5 3
8 5 0
7 5 0
7 4 0
7 3 0
7 2 0
7 1 0
7 0 0
6 0 1
6 1 1
6 2 1
6 3 0
6 4 1
6 5 0
6 6 3
5 6 0
4 6 0
3 6 0
2 6 1
2 7 3
1 7 0
0 7 0
