62
10
8
20
20
20
20
10
10
20
20
10
10
10
30
10
20
20
10
10
30
40
10
10
53
10
20
10
10
10
10
10
20
10
10
10
10
20
10
20
10
20
20
20
10
20
10
30
60
10
10
10
10
30
20
10
10
30
20
20
20
10
20
10
40
10
20
10
20
20
10
10
30
20
10
20
10
10
10
10
20
10
20
48
2 5 3
2 4 1
2 3 1
2 2 0
1 2 0
0 2 2
0 1 1
1 1 0
2 1 0
3 1 0
4 1 0
5 1 0
6 1 0
7 1 3
7 0 1
8 0 0
9 0 0
9 1 1
9 2 1
9 3 1
9 4 1
9 5 3
8 5 0
7 5 0
7 4 1
7 3 0
6 3 1
6 4 1
6 5 1
6 6 0
6 7 3
5 7 0
4 7 2
4 6 1
5 6 0
6 6 0
7 6 0
8 6 3
8 5 0
8 4 1
8 3 1
8 2 0
7 2 0
6 2 0
5 2 1
5 3 1
5 4 0
5 5 0
