59
10
8
20
10
20
20
20
10
10
20
10
20
20
10
30
10
10
10
20
30
10
20
10
30
10
10
10
30
30
10
30
30
20
10
20
20
20
10
10
20
10
10
10
20
20
10
10
20
20
20
10
10
30
30
30
20
52
10
10
30
20
20
30
20
30
10
20
30
20
20
10
60
10
20
20
20
20
10
20
10
20
20
44
6 6 2
7 6 0
8 6 0
9 6 3
9 5 1
9 4 0
8 4 0
7 4 0
6 4 0
5 4 0
4 4 0
3 4 0
2 4 0
1 4 0
0 4 2
0 3 1
1 3 0
2 3 3
2 2 1
2 1 0
2 0 0
1 0 0
0 0 1
0 1 1
0 2 2
1 2 3
1 1 1
2 1 0
3 1 0
4 1 0
4 2 2
5 2 3
5 1 1
6 1 0
7 1 0
8 1 0
9 1 0
9 2 3
8 2 1
8 3 3
7 3 1
7 4 0
7 5 2
8 5 0
