58
10
8
20
20
20
10
10
20
10
20
10
20
10
10
20
20
10
20
20
20
30
10
20
30
10
10
10
10
30
20
10
10
10
20
20
10
30
30
10
20
10
10
20
10
20
50
30
20
20
10
20
20
10
20
20
10
20
20
10
10
40
30
10
10
10
20
10
30
10
20
30
20
20
10
60
10
20
20
20
10
20
20
42
5 3 0
4 3 0
3 3 1
3 4 1
3 5 1
3 6 1
3 7 3
2 7 0
1 7 2
1 6 1
1 5 0
0 5 2
0 4 1
0 3 1
0 2 1
1 2 0
2 2 0
3 2 0
4 2 0
5 2 3
5 1 1
5 0 0
4 0 1
4 1 1
4 2 0
4 3 0
4 4 1
4 5 2
5 5 0
5 6 2
6 6 0
6 7 2
7 7 3
7 6 1
7 5 1
7 4 1
7 3 0
7 2 1
8 2 0
9 2 3
9 1 1
9 0 0
