60
10
8
20
10
10
20
20
10
10
20
10
10
40
20
30
40
10
20
10
30
40
30
30
30
20
20
20
20
20
20
20
20
10
10
10
30
40
10
10
40
10
10
10
40
20
30
10
20
30
10
10
10
20
40
10
10
10
10
10
60
20
40
10
10
30
20
10
30
10
40
20
20
10
10
50
10
20
10
20
10
20
20
44
9 0 0
8 0 0
7 0 0
6 0 0
5 0 0
4 0 0
3 0 1
3 1 2
4 1 0
5 1 0
5 2 2
6 2 0
6 3 1
5 3 0
4 3 0
3 3 2
3 2 0
2 2 1
2 3 0
2 4 0
2 5 0
2 6 2
3 6 0
4 6 0
5 6 0
6 6 0
7 6 0
8 6 0
9 6 0
9 7 3
8 7 0
7 7 2
7 6 0
7 5 1
7 4 1
7 3 1
8 3 0
8 4 2
9 4 3
9 3 1
9 2 0
8 2 0
7 2 2
7 1 0
