58
10
8
20
10
10
10
10
10
20
20
10
30
30
10
20
10
10
20
10
30
40
40
30
30
30
10
10
40
30
20
20
10
30
10
10
20
20
10
10
10
30
10
10
30
30
20
10
30
30
20
10
20
20
40
10
10
30
50
10
20
10
10
20
60
40
20
20
30
10
30
20
30
30
10
20
20
10
10
20
10
10
20
46
6 7 0
5 7 2
5 6 0
5 5 0
5 4 1
5 3 0
4 3 0
3 3 2
3 2 0
3 1 1
4 1 0
4 2 2
5 2 0
6 2 3
6 1 1
7 1 0
7 2 1
7 3 1
7 4 2
8 4 3
8 3 0
8 2 1
8 1 0
8 0 0
7 0 0
6 0 0
5 0 0
4 0 0
3 0 0
2 0 0
1 0 0
0 0 1
0 1 1
0 2 1
0 3 1
0 4 1
0 5 1
0 6 2
1 6 0
2 6 0
3 6 0
4 6 0
5 6 0
6 6 0
7 6 1
7 5 0
