58
10
8
20
10
20
20
10
10
10
20
20
40
40
20
40
10
20
20
10
30
10
40
30
10
30
10
10
40
30
20
30
40
10
20
20
30
30
30
30
10
30
20
10
30
30
40
20
40
30
10
10
30
30
10
10
30
10
10
10
20
20
30
53
40
10
10
10
60
10
30
20
30
20
20
20
20
10
20
20
10
20
20
43
7 4 3
7 3 0
7 2 0
6 2 0
5 2 0
4 2 0
3 2 0
2 2 0
1 2 1
1 3 3
0 3 1
0 4 1
0 5 1
0 6 1
0 7 2
1 7 3
1 6 1
2 6 0
3 6 0
4 6 0
5 6 0
6 6 0
7 6 0
8 6 0
8 7 3
7 7 0
6 7 0
5 7 0
4 7 2
4 6 0
4 5 1
4 4 0
4 3 0
4 2 0
4 1 0
4 0 1
5 0 0
6 0 0
7 0 0
8 0 0
9 0 0
9 1 3
8 1 0
