63
10
8
20
20
10
20
10
10
20
20
10
30
30
30
10
30
10
10
10
10
10
10
20
30
20
10
10
20
20
30
30
30
40
10
10
30
30
20
30
60
20
20
10
10
30
30
30
20
30
10
20
30
30
20
10
30
30
10
10
10
20
30
20
20
20
10
10
30
20
20
10
20
30
10
20
10
51
10
10
10
20
20
51
9 2 1
9 3 1
9 4 1
9 5 1
9 6 3
8 6 0
7 6 2
7 5 1
8 5 3
8 4 1
8 3 0
7 3 0
6 3 2
6 2 0
6 1 0
6 0 0
5 0 0
4 0 0
3 0 0
2 0 0
1 0 0
0 0 1
0 1 2
1 1 0
2 1 0
3 1 0
3 2 2
4 2 0
5 2 0
6 2 0
7 2 0
7 3 0
7 4 3
6 4 0
5 4 0
4 4 0
3 4 0
2 4 1
2 5 0
2 6 3
1 6 0
0 6 2
0 5 1
0 4 1
0 3 1
1 3 0
2 3 0
3 3 0
4 3 0
4 4 0
4 5 0
