65
10
8
20
10
20
10
20
20
20
20
20
10
40
10
10
10
20
60
20
10
20
20
30
10
10
53
20
40
10
30
10
30
40
20
10
20
20
10
10
40
40
10
10
10
10
20
30
20
10
10
10
30
20
20
40
40
30
10
20
20
20
10
40
40
40
10
10
40
10
20
40
10
40
10
20
10
20
20
10
20
10
20
46
2 7 3
2 6 1
2 5 1
2 4 0
2 3 1
3 3 0
4 3 0
5 3 0
5 4 0
5 5 3
4 5 1
4 6 1
3 6 1
3 7 2
4 7 0
5 7 0
6 7 0
7 7 0
8 7 0
9 7 3
9 6 1
9 5 0
8 5 0
7 5 0
7 4 1
8 4 1
8 3 0
7 3 0
6 3 2
6 2 0
5 2 0
4 2 2
4 1 0
3 1 0
3 0 0
2 0 1
2 1 1
2 2 3
1 2 1
1 3 1
1 4 1
1 5 1
1 6 3
0 6 1
0 7 2
1 7 0
