63
10
8
20
20
20
10
10
10
20
52
10
20
20
10
10
40
10
20
20
10
10
30
10
10
30
20
10
10
10
30
20
20
10
10
20
30
30
10
20
10
10
10
10
10
30
10
10
20
10
20
10
10
30
20
10
20
20
20
10
20
30
20
30
20
20
20
10
20
20
10
30
20
20
10
20
20
10
10
10
10
60
20
49
0 7 2
1 7 3
1 6 1
1 5 1
2 5 0
3 5 3
3 4 1
4 4 3
4 3 1
4 2 0
4 1 0
4 0 1
5 0 0
6 0 0
7 0 0
8 0 0
9 0 0
9 1 3
8 1 1
8 2 3
7 2 0
6 2 0
5 2 0
4 2 0
3 2 0
2 2 0
1 2 2
1 1 1
2 1 0
3 1 0
4 1 0
5 1 0
6 1 0
7 1 0
7 2 0
7 3 3
6 3 1
6 4 1
6 5 3
5 5 1
5 6 1
5 7 2
6 7 3
6 6 1
7 6 0
7 7 2
8 7 0
9 7 3
9 6 0
