64
10
8
20
20
20
20
20
20
20
20
10
30
30
30
10
20
30
10
10
10
20
40
30
30
10
20
10
30
40
10
40
10
20
10
10
40
40
30
30
30
30
20
20
30
20
30
30
30
30
10
10
30
30
20
40
20
30
10
20
40
10
30
10
30
40
20
20
20
40
30
20
30
20
10
20
20
20
20
51
10
20
60
46
9 4 1
9 5 1
9 6 3
8 6 2
8 5 0
8 4 0
7 4 0
6 4 0
6 3 1
7 3 0
8 3 0
9 3 3
9 2 0
8 2 0
8 1 0
7 1 0
7 0 0
6 0 0
5 0 1
5 1 0
5 2 3
4 2 0
4 1 0
3 1 0
2 1 0
1 1 0
0 1 1
0 2 2
1 2 0
2 2 0
2 3 1
1 3 0
0 3 1
0 4 2
1 4 0
2 4 0
3 4 0
3 5 1
3 6 2
4 6 0
5 6 0
6 6 0
7 6 0
7 7 2
8 7 0
9 7 0
