64
10
8
20
10
20
20
10
10
20
20
10
20
10
20
40
20
10
20
10
40
20
10
20
10
40
20
10
10
40
10
40
10
40
10
20
10
10
10
20
10
10
10
20
20
40
10
10
10
20
10
10
20
10
20
20
10
10
60
10
40
40
10
20
10
10
10
10
40
10
30
10
10
40
10
20
10
10
20
10
51
20
20
48
9 5 1
9 6 3
8 6 0
8 5 1
8 4 1
8 3 0
8 2 1
8 1 0
7 1 1
7 2 1
6 2 0
5 2 1
5 3 1
5 4 1
5 5 1
5 6 3
4 6 0
3 6 0
3 5 1
3 4 1
4 4 3
4 3 1
4 2 1
4 1 1
4 0 0
3 0 0
2 0 0
1 0 0
0 0 1
0 1 1
0 2 2
1 2 0
2 2 0
2 3 1
2 4 3
1 4 0
1 3 0
0 3 1
0 4 1
0 5 1
0 6 2
1 6 0
2 6 0
2 7 2
3 7 0
4 7 0
5 7 0
6 7 0
