63
10
8
20
60
10
10
10
10
10
20
10
30
30
20
30
30
30
20
20
10
20
40
30
10
20
20
50
20
10
20
40
20
30
10
10
40
30
10
20
10
20
10
10
10
20
30
10
10
20
10
20
20
10
30
10
20
10
20
20
20
10
20
20
10
30
10
20
20
10
10
30
30
20
20
20
20
10
10
10
10
10
20
47
3 0 0
2 0 1
2 1 1
2 2 2
3 2 0
4 2 0
5 2 0
5 3 0
5 4 1
5 5 1
5 6 2
6 6 0
7 6 0
8 6 3
8 5 0
8 4 0
8 3 1
8 2 1
8 1 0
7 1 1
7 2 1
7 3 3
6 3 0
5 3 0
4 3 0
3 3 1
3 4 0
4 4 0
4 5 1
4 6 3
3 6 0
2 6 2
2 5 1
2 4 0
2 3 0
1 3 1
1 4 0
1 5 0
1 6 0
1 7 3
0 7 2
0 6 1
0 5 1
0 4 1
0 3 1
0 2 1
0 1 0
