65
10
8
20
10
10
10
20
20
20
20
20
40
10
10
10
40
20
10
10
20
30
40
10
40
10
10
10
30
20
40
30
10
10
20
10
10
10
40
30
40
40
20
10
30
10
30
10
20
30
20
20
20
40
30
30
10
30
10
20
40
20
30
30
53
40
10
10
30
10
40
40
40
40
10
20
20
10
10
20
10
20
60
47
7 5 3
7 4 0
7 3 0
7 2 0
6 2 0
6 1 0
5 1 0
4 1 0
3 1 0
2 1 1
2 2 0
2 3 0
3 3 0
3 4 0
3 5 1
3 6 1
3 7 3
2 7 0
1 7 0
0 7 2
0 6 1
1 6 3
1 5 0
0 5 2
0 4 1
1 4 0
2 4 0
3 4 0
4 4 0
5 4 0
6 4 0
7 4 0
8 4 1
8 3 0
7 3 0
6 3 0
5 3 0
4 3 1
4 4 0
4 5 0
5 5 0
5 6 0
5 7 2
6 7 0
7 7 0
8 7 0
9 7 0
