63
10
8
60
20
20
10
20
20
10
20
10
10
10
30
10
30
10
10
10
10
10
20
30
10
20
10
10
20
10
30
10
30
10
10
10
20
10
10
30
10
40
20
10
30
30
10
40
20
30
10
10
40
10
20
20
40
10
10
20
20
30
30
20
20
10
20
20
30
20
10
51
30
40
20
20
20
20
10
10
20
10
20
49
8 4 1
8 5 0
8 6 1
7 6 0
6 6 0
5 6 0
4 6 1
4 7 3
3 7 0
2 7 0
1 7 0
0 7 2
0 6 1
0 5 1
1 5 0
2 5 0
3 5 0
4 5 0
5 5 3
5 4 0
4 4 0
3 4 0
2 4 0
1 4 0
0 4 2
0 3 1
0 2 1
1 2 0
2 2 0
3 2 0
4 2 0
5 2 0
6 2 0
7 2 0
8 2 3
8 1 0
8 0 1
9 0 0
9 1 3
8 1 0
7 1 2
7 0 0
6 0 0
5 0 0
4 0 0
3 0 0
2 0 0
1 0 0
0 0 0
