66
10
8
20
20
10
20
20
20
10
20
20
10
10
10
10
30
40
10
20
20
20
10
30
20
30
10
20
30
30
10
40
10
40
20
20
40
30
30
10
60
10
10
20
20
10
30
10
10
30
10
20
20
30
10
10
20
10
10
20
30
30
30
30
20
20
10
50
10
40
30
40
30
30
10
20
10
20
10
20
10
10
20
52
8 0 0
7 0 1
7 1 0
7 2 0
7 3 0
7 4 0
7 5 3
6 5 2
6 4 1
6 3 1
6 2 0
6 1 0
5 1 2
5 0 0
4 0 1
4 1 1
3 1 0
2 1 2
2 0 0
1 0 1
1 1 1
1 2 1
1 3 1
1 4 1
1 5 0
1 6 0
2 6 0
3 6 0
3 7 2
4 7 0
5 7 0
6 7 0
7 7 0
8 7 0
9 7 3
9 6 1
9 5 1
9 4 0
8 4 0
8 3 0
8 2 0
7 2 0
6 2 0
5 2 0
4 2 0
3 2 0
2 2 1
2 3 1
2 4 0
2 5 2
3 5 0
4 5 0
