63
10
8
20
20
10
10
20
10
10
20
10
10
30
40
30
30
10
10
10
30
30
30
30
20
30
20
10
20
10
20
30
40
30
20
20
30
40
10
30
30
30
10
20
30
50
20
40
30
20
20
10
20
60
30
10
20
30
10
20
30
30
10
20
20
10
10
10
30
20
40
40
20
30
20
20
10
10
10
20
20
20
20
48
5 2 0
4 2 0
4 1 0
4 0 0
3 0 0
2 0 0
1 0 0
0 0 1
0 1 2
1 1 0
2 1 0
3 1 0
3 2 1
3 3 2
4 3 0
5 3 0
5 4 1
4 4 0
3 4 0
2 4 0
1 4 0
0 4 1
0 5 1
0 6 1
0 7 2
1 7 0
2 7 3
2 6 0
2 5 1
3 5 0
3 6 0
3 7 2
4 7 0
5 7 3
5 6 1
6 6 0
7 6 0
8 6 0
9 6 3
9 5 0
8 5 2
8 4 0
7 4 1
7 5 3
6 5 2
6 4 1
6 3 0
6 2 0
