66
10
8
20
20
20
20
10
20
20
20
20
40
10
10
20
30
10
10
20
10
40
20
10
10
30
10
10
20
40
10
40
10
30
10
10
40
10
10
40
40
40
10
10
20
10
10
20
10
53
10
20
30
20
10
20
10
40
10
10
40
40
10
40
10
10
10
10
40
40
10
20
40
20
20
20
20
10
60
20
10
20
20
46
5 6 3
5 5 1
5 4 0
4 4 0
4 3 1
4 2 1
4 1 0
3 1 1
3 2 1
2 2 1
2 3 3
1 3 0
0 3 1
0 4 1
0 5 2
1 5 0
2 5 0
3 5 0
4 5 0
4 6 1
3 6 0
2 6 0
1 6 0
0 6 1
0 7 2
1 7 0
2 7 0
3 7 0
4 7 0
5 7 0
6 7 0
7 7 0
8 7 3
8 6 0
7 6 0
6 6 0
6 5 1
6 4 1
7 4 1
7 3 1
7 2 1
8 2 0
8 3 1
8 4 2
9 4 3
9 3 0
