64
10
8
60
10
10
20
10
20
10
20
10
10
20
10
20
20
30
20
20
40
20
20
10
10
10
10
10
10
40
40
20
40
30
10
10
40
20
51
10
10
40
10
10
40
20
10
10
30
30
20
20
40
40
10
10
30
30
10
10
40
10
10
40
20
10
20
10
20
30
30
10
40
10
20
20
20
10
10
20
10
20
20
48
4 3 1
4 4 1
4 5 1
4 6 0
5 6 0
6 6 0
7 6 0
8 6 0
9 6 3
9 5 1
9 4 0
8 4 0
7 4 0
7 3 1
7 2 1
7 1 0
6 1 1
6 2 1
5 2 1
5 3 1
5 4 1
5 5 0
5 6 0
5 7 3
4 7 0
3 7 0
2 7 0
1 7 2
1 6 0
1 5 1
2 5 0
3 5 1
3 4 0
2 4 0
1 4 2
1 3 1
1 2 1
2 2 0
2 3 2
3 3 1
3 2 1
4 2 3
4 1 0
3 1 0
2 1 0
2 0 0
1 0 0
0 0 0
