67
10
8
20
20
20
10
20
10
10
20
20
30
10
40
40
40
40
10
20
30
40
20
20
10
20
20
20
30
30
40
20
10
30
20
10
40
30
40
52
30
20
20
10
10
20
30
30
20
30
10
20
30
10
20
30
20
20
20
10
20
10
10
10
10
10
10
20
20
10
30
30
10
40
20
60
10
20
10
20
10
20
20
48
4 4 2
5 4 0
6 4 0
7 4 0
8 4 0
9 4 0
9 5 1
9 6 3
8 6 1
8 7 3
7 7 0
6 7 2
6 6 0
5 6 0
4 6 1
4 7 3
3 7 2
3 6 0
3 5 1
3 4 0
2 4 2
2 3 0
1 3 0
1 2 1
1 1 0
1 0 0
0 0 1
0 1 2
1 1 0
2 1 0
3 1 0
4 1 0
4 2 0
4 3 0
5 3 0
6 3 0
6 4 0
6 5 3
5 5 2
5 4 0
5 3 0
5 2 1
6 2 0
7 2 0
8 2 0
9 2 3
9 1 1
9 0 0
