63
10
8
20
10
20
10
10
20
60
20
10
20
20
20
20
53
20
20
20
10
20
10
10
10
30
20
10
30
10
10
30
20
10
20
20
30
20
10
10
10
20
20
10
20
40
40
20
20
10
10
20
10
10
20
10
10
10
10
10
20
20
10
20
10
10
20
10
10
20
20
20
30
30
10
20
20
20
20
10
20
20
20
45
1 5 3
1 4 1
2 4 0
3 4 0
4 4 0
5 4 3
5 3 0
4 3 0
3 3 0
2 3 0
1 3 2
1 2 0
0 2 2
0 1 1
0 0 1
1 0 0
2 0 0
2 1 1
2 2 2
3 2 0
4 2 3
4 1 0
4 0 1
5 0 0
6 0 0
6 1 1
6 2 1
6 3 2
7 3 0
8 3 0
8 4 3
7 4 1
7 5 1
7 6 1
7 7 3
6 7 0
5 7 0
4 7 2
4 6 0
3 6 0
2 6 0
1 6 1
1 7 3
0 7 2
0 6 0
