63
10
8
20
10
20
10
20
10
20
20
20
40
40
20
30
30
10
10
20
30
20
20
40
20
30
10
10
10
30
20
20
20
20
20
20
20
10
30
10
20
30
10
20
10
20
40
20
52
20
10
10
40
20
10
10
10
30
60
20
20
30
20
10
10
20
20
10
20
20
20
10
10
30
20
20
20
20
10
20
20
10
20
42
5 5 2
6 5 0
7 5 0
8 5 0
9 5 3
9 4 0
8 4 0
7 4 0
6 4 0
5 4 2
5 3 1
6 3 0
7 3 3
7 2 0
7 1 1
8 1 0
8 2 3
7 2 0
6 2 2
6 1 0
5 1 0
4 1 2
4 0 0
3 0 0
2 0 1
2 1 0
2 2 3
1 2 1
1 3 2
2 3 0
2 4 1
1 4 0
0 4 1
0 5 1
0 6 2
1 6 0
2 6 0
3 6 0
3 7 2
4 7 0
5 7 0
6 7 0
