66
10
8
20
20
10
10
10
10
20
20
50
40
20
40
10
20
10
20
20
20
10
10
40
10
40
10
60
40
30
40
30
40
20
10
20
40
10
10
10
10
20
10
10
40
10
40
40
30
40
10
20
10
10
10
20
30
10
10
10
20
20
20
30
40
10
20
20
30
40
30
20
20
30
20
20
10
20
20
20
20
20
20
45
1 0 0
0 0 1
0 1 2
1 1 0
1 2 2
2 2 0
3 2 0
4 2 0
5 2 0
6 2 0
7 2 0
7 3 2
8 3 0
9 3 3
9 2 0
8 2 1
8 3 0
8 4 2
9 4 0
9 5 3
8 5 1
8 6 0
8 7 3
7 7 2
7 6 1
7 5 0
6 5 0
5 5 0
4 5 0
3 5 1
3 6 3
2 6 0
2 5 1
2 4 1
3 4 0
4 4 0
5 4 1
5 3 0
4 3 0
3 3 0
3 2 0
3 1 0
2 1 2
2 0 1
3 0 0
