63
10
8
51
20
10
10
20
20
10
20
10
40
40
40
20
10
40
20
10
10
30
20
40
20
40
10
60
30
30
30
30
10
40
10
20
10
10
10
40
40
10
20
10
10
40
30
20
10
40
10
10
30
40
30
30
20
30
20
20
30
10
40
30
40
20
20
20
40
10
40
40
20
40
20
20
20
20
20
20
20
20
20
42
0 0 1
0 1 2
1 1 0
1 2 0
2 2 0
3 2 0
4 2 0
5 2 0
5 3 0
5 4 2
6 4 0
7 4 0
8 4 1
8 3 1
9 3 3
9 2 0
8 2 0
7 2 0
6 2 1
6 3 0
6 4 0
6 5 3
5 5 0
4 5 0
4 4 0
3 4 0
2 4 0
2 3 0
1 3 1
1 4 3
0 4 1
0 5 2
1 5 0
2 5 0
2 6 0
3 6 1
3 5 1
3 4 0
3 3 0
3 2 0
3 1 0
3 0 0
