65
10
8
20
20
10
10
10
10
20
20
10
30
30
10
20
10
40
20
10
30
30
20
30
20
10
10
10
30
10
10
20
20
20
10
10
20
10
30
20
10
30
10
20
30
20
10
20
30
10
20
20
10
10
30
10
20
30
10
50
60
20
30
20
30
20
10
10
40
10
10
10
30
30
10
20
10
20
20
10
20
10
20
52
7 0 0
6 0 1
6 1 1
6 2 1
6 3 0
6 4 1
6 5 2
7 5 0
8 5 0
9 5 0
9 6 1
9 7 3
8 7 0
7 7 0
6 7 0
5 7 2
5 6 1
5 5 0
5 4 0
4 4 2
4 3 0
4 2 1
4 1 0
3 1 0
2 1 0
1 1 0
0 1 1
0 2 1
0 3 1
0 4 1
0 5 1
0 6 2
1 6 1
1 5 1
1 4 1
2 4 0
3 4 0
3 5 3
2 5 2
2 4 0
2 3 1
3 3 0
4 3 0
5 3 0
6 3 0
7 3 0
8 3 0
9 3 3
9 2 0
8 2 0
7 2 2
7 1 0
