63
10
8
20
10
20
20
20
10
10
20
10
10
20
10
20
20
10
20
10
10
10
10
10
20
10
20
20
30
30
10
20
10
10
10
10
20
20
10
10
30
20
20
10
20
10
20
10
10
10
20
20
10
51
10
20
20
10
20
10
20
10
20
10
40
10
20
10
20
20
20
10
20
20
10
20
20
20
10
10
10
10
60
47
6 2 1
6 3 1
6 4 3
5 4 0
4 4 0
3 4 2
3 3 1
3 2 0
3 1 0
3 0 0
2 0 0
1 0 0
0 0 1
0 1 1
0 2 2
1 2 0
1 3 1
1 4 3
0 4 1
0 5 1
0 6 1
0 7 2
1 7 3
1 6 1
1 5 1
2 5 0
2 6 1
2 7 2
3 7 0
4 7 3
4 6 1
5 6 0
6 6 0
7 6 0
8 6 3
8 5 0
7 5 0
7 4 1
7 3 1
8 3 3
8 2 1
9 2 0
9 3 1
9 4 1
9 5 1
9 6 1
9 7 0
