63
10
8
20
10
10
20
10
10
20
20
10
40
30
10
60
30
20
20
10
52
10
10
30
30
30
20
10
40
30
30
10
40
40
10
20
30
40
10
10
30
40
10
20
20
40
30
10
40
20
20
20
20
40
10
40
30
10
20
10
30
10
40
30
20
20
10
20
20
30
20
40
30
30
10
20
20
10
20
20
20
20
20
45
2 1 2
3 1 0
3 2 0
3 3 0
3 4 1
3 5 0
4 5 0
5 5 1
5 4 1
5 3 0
5 2 0
4 2 0
4 1 0
4 0 1
5 0 0
5 1 2
6 1 3
6 0 1
7 0 0
8 0 0
8 1 2
9 1 0
9 2 1
9 3 3
8 3 1
8 4 0
9 4 0
9 5 3
8 5 0
7 5 2
7 4 0
7 3 0
6 3 0
5 3 0
4 3 0
3 3 0
2 3 0
1 3 0
0 3 1
0 4 1
0 5 1
0 6 2
1 6 3
1 5 0
1 4 0
