63
10
8
20
10
10
10
20
20
10
20
20
20
20
30
10
10
30
10
20
10
40
10
20
10
30
20
20
20
10
20
10
40
20
10
20
40
30
30
10
10
40
10
10
10
30
10
40
10
20
10
10
20
20
30
10
60
10
10
20
20
20
20
50
10
20
20
10
10
10
40
10
10
10
10
20
20
10
20
10
20
20
20
47
7 4 0
6 4 0
5 4 1
5 5 1
5 6 3
4 6 0
4 5 1
4 4 1
4 3 0
4 2 0
4 1 1
5 1 0
6 1 0
6 2 2
7 2 0
7 3 3
6 3 0
5 3 0
4 3 0
3 3 2
3 2 1
3 1 0
2 1 0
1 1 2
1 0 0
0 0 1
0 1 1
0 2 1
0 3 1
0 4 2
1 4 0
2 4 0
2 5 1
2 6 0
2 7 2
3 7 0
4 7 0
5 7 0
6 7 0
7 7 3
7 6 1
8 6 0
9 6 3
9 5 0
8 5 0
7 5 0
6 5 0
