63
10
8
20
10
10
10
20
20
53
20
10
20
40
60
30
10
20
20
10
10
30
40
30
10
20
20
10
20
20
30
30
10
10
10
10
10
20
30
30
10
20
10
20
20
20
20
30
30
30
20
10
20
10
10
10
20
40
10
20
30
10
30
20
20
10
20
10
10
10
30
30
10
40
20
20
10
10
10
10
10
10
20
49
0 6 3
0 5 1
1 5 0
2 5 0
3 5 0
4 5 0
5 5 0
6 5 0
6 6 0
7 6 0
8 6 0
8 7 2
9 7 3
9 6 1
9 5 1
9 4 1
9 3 1
9 2 1
9 1 1
9 0 0
8 0 0
7 0 1
7 1 0
7 2 1
7 3 0
7 4 3
6 4 0
5 4 0
4 4 0
3 4 0
2 4 0
1 4 0
0 4 2
0 3 1
0 2 1
0 1 1
0 0 1
1 0 0
2 0 0
3 0 0
4 0 0
5 0 0
5 1 3
4 1 0
3 1 1
3 2 3
2 2 0
1 2 1
1 3 0
