63
10
8
20
10
10
10
10
10
10
20
10
30
30
30
40
40
10
10
10
10
10
20
10
10
10
10
20
10
20
30
10
20
10
20
20
10
20
10
30
10
30
20
20
20
40
10
20
40
30
10
20
30
20
10
20
30
10
10
10
10
10
10
40
10
20
10
10
30
10
20
30
40
60
10
20
10
10
10
53
20
20
20
50
9 4 3
9 3 1
9 2 1
9 1 1
9 0 0
8 0 0
7 0 0
6 0 1
6 1 0
6 2 3
5 2 1
5 3 1
5 4 3
4 4 0
3 4 0
2 4 0
1 4 1
1 5 0
2 5 0
3 5 0
3 6 1
3 7 3
2 7 0
1 7 0
0 7 2
0 6 1
0 5 1
0 4 1
0 3 1
0 2 1
0 1 1
0 0 1
1 0 0
2 0 0
3 0 0
3 1 1
3 2 2
4 2 0
4 3 1
4 4 0
4 5 1
4 6 0
4 7 2
5 7 0
6 7 0
7 7 0
8 7 0
9 7 3
9 6 0
8 6 0
