63
10
8
20
10
10
10
20
10
20
20
20
30
20
30
10
20
40
52
10
40
10
30
10
10
30
10
10
40
10
30
30
10
10
10
10
20
20
30
40
20
10
10
20
10
30
40
30
20
30
10
10
40
30
10
20
40
30
20
20
10
30
10
30
30
30
60
20
20
20
40
40
20
30
10
20
10
10
10
10
20
20
20
49
1 7 2
2 7 0
3 7 0
4 7 0
5 7 0
6 7 3
6 6 0
6 5 1
7 5 0
8 5 3
8 4 0
7 4 0
6 4 2
6 3 1
6 2 0
6 1 0
5 1 0
4 1 1
4 2 3
3 2 0
2 2 0
1 2 2
1 1 0
1 0 0
0 0 1
0 1 1
0 2 1
0 3 1
0 4 2
1 4 0
2 4 0
3 4 0
4 4 0
4 5 3
3 5 0
2 5 0
1 5 1
1 6 0
2 6 0
3 6 0
4 6 0
5 6 0
6 6 0
7 6 0
8 6 0
9 6 0
9 7 3
8 7 0
7 7 0
