63
10
8
20
20
20
20
60
20
20
20
20
20
20
10
10
10
20
10
10
20
10
20
10
10
10
10
10
20
20
40
20
10
10
20
20
10
10
20
20
30
10
20
10
40
10
10
10
40
10
10
20
10
40
40
10
50
40
20
10
40
10
20
40
10
20
20
20
10
20
10
10
40
10
20
20
20
10
20
10
20
10
20
42
6 5 0
5 5 0
5 4 1
5 3 1
5 2 1
5 1 1
6 1 0
7 1 0
7 2 1
7 3 2
8 3 0
9 3 0
9 4 1
9 5 3
8 5 1
8 6 1
8 7 3
7 7 2
7 6 0
6 6 1
6 7 3
5 7 0
4 7 2
4 6 1
4 5 0
4 4 0
3 4 2
3 3 1
4 3 3
4 2 1
4 1 1
4 0 0
3 0 0
2 0 0
1 0 1
1 1 2
2 1 0
2 2 1
2 3 3
1 3 0
0 3 1
0 4 0
