66
10
8
20
10
10
20
10
20
10
20
20
20
10
20
30
20
10
10
20
30
20
10
10
30
30
10
10
30
30
30
20
10
10
10
20
30
10
30
10
50
20
10
10
40
30
30
30
30
30
20
20
30
30
30
20
30
20
20
10
20
30
10
30
20
30
10
10
60
40
10
20
10
20
10
20
10
10
20
10
20
10
20
53
4 5 0
3 5 0
2 5 0
1 5 2
1 4 0
1 3 1
2 3 0
3 3 0
4 3 0
5 3 0
6 3 0
7 3 0
8 3 0
9 3 3
9 2 1
9 1 1
9 0 0
8 0 0
7 0 0
6 0 1
6 1 0
6 2 0
6 3 0
6 4 2
7 4 0
8 4 0
8 5 1
8 6 3
7 6 0
6 6 1
6 7 3
5 7 2
5 6 0
5 5 0
5 4 0
5 3 0
5 2 0
5 1 0
4 1 0
3 1 0
2 1 0
1 1 2
1 0 1
2 0 0
2 1 0
2 2 2
3 2 0
4 2 0
5 2 0
6 2 0
7 2 0
8 2 1
8 1 0
