63
10
8
20
20
20
10
20
10
20
60
10
10
30
20
20
20
30
10
10
10
20
20
20
30
30
20
20
10
20
20
10
10
20
50
20
10
10
10
30
10
20
10
10
10
20
30
20
30
30
20
20
10
30
20
20
30
10
10
20
20
10
20
20
20
10
20
10
10
10
10
20
20
30
20
20
20
20
20
10
10
10
20
44
3 7 0
2 7 2
2 6 0
2 5 0
2 4 0
1 4 2
1 3 1
2 3 3
2 2 0
1 2 0
0 2 2
0 1 1
1 1 0
2 1 0
3 1 0
4 1 0
5 1 0
6 1 0
7 1 0
7 2 1
7 3 2
8 3 0
9 3 0
9 4 1
9 5 1
9 6 1
9 7 3
8 7 2
8 6 0
8 5 0
7 5 2
7 4 0
6 4 2
6 3 0
5 3 0
4 3 0
3 3 1
3 4 1
3 5 1
3 6 3
2 6 0
1 6 0
0 6 1
0 7 0
