63
10
8
20
10
10
20
20
10
10
20
10
40
20
40
40
30
30
20
10
40
20
40
10
40
20
20
10
20
10
30
20
10
40
20
10
30
10
40
10
40
10
10
10
20
30
30
30
40
40
20
20
40
30
10
40
10
40
52
20
10
20
30
10
10
30
20
20
30
40
30
30
40
10
60
20
20
20
10
20
20
20
20
43
6 7 2
7 7 3
7 6 0
7 5 1
7 4 1
7 3 0
7 2 1
8 2 1
8 1 0
8 0 1
9 0 0
9 1 3
8 1 0
7 1 0
6 1 0
6 0 0
5 0 0
4 0 0
3 0 0
2 0 0
1 0 0
0 0 1
0 1 1
0 2 1
0 3 2
1 3 1
1 2 1
2 2 3
2 1 1
3 1 0
3 2 1
3 3 0
3 4 2
4 4 0
5 4 0
6 4 0
6 5 1
6 6 0
7 6 0
8 6 0
9 6 0
9 7 3
8 7 0
