63
10
8
20
10
20
20
10
20
10
20
20
40
20
30
10
20
30
10
10
30
20
30
40
30
20
10
10
30
10
10
20
20
30
20
10
10
10
20
30
10
20
10
10
30
40
20
30
10
20
10
10
10
20
30
10
20
30
10
10
20
20
30
20
30
30
10
60
30
30
10
30
20
30
10
20
10
51
10
10
10
20
20
50
9 2 1
9 3 1
9 4 1
9 5 1
9 6 3
8 6 0
7 6 0
6 6 0
5 6 2
5 5 1
5 4 0
5 3 0
4 3 1
4 4 0
4 5 1
4 6 3
3 6 0
2 6 2
2 5 0
2 4 1
3 4 0
3 5 3
2 5 0
1 5 2
1 4 1
1 3 0
1 2 0
0 2 2
0 1 1
0 0 1
1 0 0
1 1 0
2 1 0
3 1 0
4 1 0
5 1 0
6 1 0
7 1 0
7 2 3
6 2 1
6 3 0
6 4 1
6 5 2
7 5 0
8 5 3
8 4 0
8 3 1
8 2 0
8 1 0
8 0 0
