63
10
8
20
20
20
10
20
20
10
20
20
30
10
20
30
30
10
20
10
20
20
30
10
20
30
20
10
30
30
30
30
30
10
20
20
30
30
30
10
30
30
10
10
60
10
10
20
30
20
10
20
30
20
10
10
30
10
10
10
51
30
40
20
10
20
20
10
10
20
30
20
10
10
20
20
10
20
10
10
20
10
20
49
7 1 1
7 2 0
7 3 1
6 3 0
5 3 0
4 3 0
3 3 0
2 3 0
1 3 1
1 4 0
1 5 0
1 6 1
1 7 2
2 7 3
2 6 0
2 5 0
1 5 0
0 5 2
0 4 1
1 4 0
2 4 0
3 4 0
4 4 0
5 4 0
5 5 0
5 6 2
6 6 0
7 6 3
7 5 1
7 4 1
8 4 3
8 3 0
8 2 1
9 2 3
9 1 1
9 0 0
8 0 0
7 0 0
6 0 1
6 1 0
6 2 3
5 2 0
4 2 0
3 2 0
2 2 2
2 1 1
3 1 0
4 1 0
5 1 0
