64
10
8
20
20
10
20
20
10
10
20
20
40
40
40
30
20
40
20
10
40
10
40
30
30
40
10
20
52
30
30
30
20
10
20
10
10
30
30
20
40
10
20
10
20
20
10
10
30
10
20
10
30
20
40
30
10
30
10
20
30
30
30
30
10
40
10
10
20
40
40
30
30
30
10
20
20
10
10
20
10
20
60
47
3 1 2
4 1 0
5 1 0
5 2 3
4 2 0
3 2 0
2 2 0
1 2 0
1 1 0
0 1 1
0 2 1
0 3 2
1 3 0
1 4 0
1 5 2
2 5 0
3 5 0
3 6 1
3 7 3
2 7 0
1 7 2
1 6 1
2 6 1
2 5 0
2 4 0
2 3 1
3 3 0
4 3 0
5 3 0
6 3 1
6 2 1
7 2 0
8 2 1
8 1 1
9 1 3
9 0 0
8 0 0
7 0 1
7 1 0
7 2 0
7 3 0
7 4 0
7 5 1
7 6 0
8 6 0
9 6 0
9 7 0
