63
10
8
20
10
10
10
20
10
10
20
10
20
30
20
30
10
10
20
10
20
20
30
10
10
60
10
20
20
20
20
30
20
20
10
20
20
20
10
30
10
20
20
10
10
40
30
30
10
20
10
20
20
20
30
30
20
30
10
10
30
20
10
30
20
10
10
20
20
10
20
50
20
10
20
20
10
10
20
10
10
10
20
47
8 4 0
7 4 0
6 4 0
5 4 0
4 4 0
3 4 0
2 4 0
1 4 0
0 4 2
0 3 1
0 2 1
0 1 1
0 0 1
1 0 0
2 0 0
3 0 0
3 1 2
4 1 3
4 0 1
5 0 0
6 0 0
6 1 2
7 1 0
8 1 0
8 2 1
8 3 2
9 3 0
9 4 1
9 5 1
9 6 1
9 7 3
8 7 2
8 6 1
8 5 0
7 5 2
7 4 0
7 3 1
7 2 0
6 2 1
6 3 0
6 4 0
6 5 3
5 5 0
4 5 0
3 5 1
3 6 3
2 6 0
