66
10
8
20
10
20
20
20
20
20
20
20
40
20
10
40
20
40
10
20
20
40
40
10
20
40
20
20
30
20
10
10
20
20
20
10
10
20
10
10
10
20
10
20
40
10
60
10
20
40
10
20
40
40
53
10
40
40
20
20
10
30
10
20
30
30
10
20
40
10
10
20
40
30
20
20
10
10
10
10
10
20
20
44
6 3 3
6 2 0
5 2 0
4 2 1
4 3 1
4 4 1
4 5 1
4 6 3
3 6 1
3 7 3
2 7 2
2 6 0
1 6 0
1 5 0
0 5 2
0 4 1
1 4 1
1 3 1
1 2 1
2 2 1
2 1 1
3 1 0
4 1 0
5 1 1
5 0 1
6 0 0
6 1 0
7 1 0
8 1 1
8 0 1
9 0 0
9 1 1
9 2 1
9 3 1
9 4 1
9 5 1
9 6 3
8 6 0
7 6 0
6 6 0
6 5 0
5 5 2
5 4 1
5 3 0
