63
10
8
20
20
20
20
10
20
10
20
10
30
30
20
20
20
30
10
10
20
10
30
10
10
20
20
20
20
30
30
30
30
10
10
10
10
30
20
20
10
10
10
10
30
30
30
20
10
30
20
60
30
40
10
20
30
30
20
20
30
10
20
10
30
40
10
52
20
40
30
30
20
20
10
20
10
10
10
10
10
10
20
49
8 0 2
9 0 0
9 1 1
9 2 1
9 3 1
9 4 1
9 5 1
9 6 1
9 7 3
8 7 0
7 7 0
6 7 2
6 6 0
6 5 0
6 4 0
5 4 1
5 5 1
5 6 0
5 7 3
4 7 0
3 7 0
2 7 2
2 6 1
3 6 0
4 6 0
5 6 0
6 6 0
7 6 1
7 5 0
7 4 1
7 3 0
6 3 0
5 3 0
4 3 1
4 4 3
3 4 0
2 4 0
1 4 2
1 3 0
0 3 2
0 2 1
1 2 0
2 2 0
3 2 0
4 2 0
5 2 0
6 2 1
6 1 0
6 0 0
