67
10
8
20
20
10
10
10
20
10
20
10
10
10
10
40
10
40
20
10
60
40
10
10
20
10
10
10
30
40
30
10
40
40
10
20
10
40
30
10
40
10
20
10
10
10
10
50
40
20
10
10
40
30
10
30
20
10
10
20
10
10
40
10
40
10
10
20
40
40
20
40
10
10
20
20
10
10
10
20
20
20
20
51
5 4 0
4 4 0
3 4 0
2 4 0
1 4 1
1 5 1
1 6 0
2 6 0
3 6 1
3 5 1
4 5 0
4 6 1
4 7 2
5 7 0
6 7 0
7 7 0
8 7 3
8 6 1
8 5 1
8 4 1
9 4 3
9 3 1
9 2 1
9 1 1
9 0 0
8 0 1
8 1 1
7 1 0
6 1 1
6 2 0
6 3 1
6 4 0
6 5 2
7 5 1
7 4 1
7 3 1
8 3 3
8 2 0
7 2 0
6 2 0
5 2 0
4 2 0
4 1 1
4 0 0
3 0 0
2 0 0
1 0 0
0 0 1
0 1 2
1 1 0
2 1 0
