64
10
8
20
10
20
10
10
20
10
20
10
30
40
30
30
20
30
20
10
20
10
10
30
30
10
53
10
40
30
30
30
20
20
60
20
30
30
10
10
20
30
10
20
30
40
20
30
30
10
10
10
20
30
10
20
30
30
10
20
30
10
30
30
30
40
20
10
40
10
10
30
40
10
10
20
20
10
20
20
10
10
20
52
2 7 3
2 6 1
2 5 0
2 4 0
2 3 1
2 2 1
2 1 1
3 1 0
3 2 0
3 3 0
3 4 0
3 5 3
2 5 0
1 5 2
1 4 0
1 3 0
1 2 0
0 2 2
0 1 1
0 0 1
1 0 0
2 0 0
3 0 0
4 0 0
4 1 0
4 2 0
4 3 1
4 4 1
4 5 2
5 5 0
6 5 0
7 5 0
8 5 1
8 4 0
8 3 1
8 2 1
8 1 1
9 1 3
9 0 0
8 0 0
7 0 1
7 1 0
7 2 1
7 3 0
7 4 0
7 5 0
7 6 1
6 6 0
5 6 0
4 6 0
3 6 1
3 7 0
