64
10
8
20
10
60
20
51
10
10
20
20
10
40
10
10
10
20
10
20
10
40
10
40
20
10
10
10
40
10
10
10
10
10
20
10
10
10
10
20
20
20
20
10
10
10
10
10
10
10
20
10
10
20
10
10
10
20
10
10
20
20
10
40
10
20
20
10
10
40
10
40
20
20
20
20
10
10
10
10
10
20
20
49
0 4 1
0 5 1
0 6 1
0 7 2
1 7 0
2 7 0
3 7 3
3 6 1
3 5 1
3 4 1
3 3 1
3 2 1
3 1 1
4 1 0
5 1 0
6 1 0
7 1 0
7 2 3
6 2 1
6 3 1
6 4 1
6 5 1
6 6 2
7 6 0
7 7 2
8 7 3
8 6 1
9 6 3
9 5 1
9 4 1
9 3 1
9 2 1
9 1 1
9 0 0
8 0 0
7 0 0
6 0 0
5 0 0
4 0 0
3 0 0
2 0 1
2 1 1
2 2 1
1 2 0
1 1 1
1 0 0
0 0 1
0 1 1
0 2 0
