65
10
8
20
10
10
10
10
20
20
60
10
20
10
30
30
30
20
10
10
30
30
10
20
10
20
10
20
20
10
30
30
40
30
20
20
30
30
20
10
30
30
20
20
30
20
30
10
10
20
20
10
40
30
30
30
20
20
10
20
20
20
20
20
30
30
20
10
30
20
30
30
20
20
10
20
10
10
10
10
10
10
50
50
9 7 0
8 7 0
7 7 2
7 6 0
7 5 0
7 4 0
6 4 0
5 4 0
4 4 0
3 4 0
2 4 1
2 5 1
2 6 3
1 6 2
1 5 0
1 4 0
1 3 0
1 2 1
1 1 1
2 1 0
3 1 3
3 0 1
4 0 0
4 1 0
4 2 0
4 3 2
5 3 0
6 3 0
7 3 3
7 2 0
6 2 0
5 2 2
5 1 0
5 0 1
6 0 0
7 0 0
7 1 3
6 1 1
6 2 0
6 3 0
6 4 0
6 5 3
5 5 0
4 5 0
3 5 1
3 6 0
3 7 3
2 7 0
1 7 0
0 7 0
