63
10
8
20
20
10
10
10
20
10
20
10
30
10
40
30
30
40
20
10
10
30
20
40
40
20
20
20
30
20
30
10
30
30
20
10
30
40
30
30
30
20
20
51
10
10
20
10
30
10
10
10
20
60
30
30
30
40
20
20
30
30
30
20
10
10
20
20
30
30
30
30
20
20
20
20
20
20
10
10
10
10
20
48
5 0 1
5 1 1
5 2 1
5 3 3
4 3 0
3 3 0
2 3 1
2 4 0
3 4 0
4 4 0
5 4 0
6 4 0
7 4 3
7 3 0
7 2 0
7 1 0
7 0 1
8 0 0
8 1 0
8 2 0
8 3 0
8 4 0
8 5 3
7 5 0
6 5 0
5 5 0
4 5 0
3 5 0
2 5 1
2 6 2
3 6 0
4 6 0
4 7 2
5 7 0
6 7 3
6 6 1
7 6 0
8 6 0
8 7 2
9 7 3
9 6 1
9 5 1
9 4 1
9 3 1
9 2 0
8 2 0
7 2 0
6 2 0
