66
10
8
20
10
20
10
20
10
10
20
20
10
30
20
10
20
10
20
10
10
10
40
30
30
40
10
20
10
20
10
10
40
10
20
10
40
10
30
20
30
20
20
20
30
10
20
30
30
30
10
10
30
30
30
40
30
10
10
10
30
10
30
10
30
40
10
10
10
10
40
40
40
10
20
60
20
53
10
20
20
10
20
53
9 2 3
9 1 0
8 1 0
7 1 0
6 1 0
5 1 0
4 1 1
4 2 1
4 3 0
4 4 3
3 4 0
2 4 0
1 4 0
0 4 2
0 3 1
0 2 1
1 2 0
2 2 0
3 2 3
3 1 1
3 0 0
2 0 0
1 0 1
1 1 1
1 2 0
1 3 2
2 3 0
2 4 0
2 5 0
2 6 0
3 6 0
4 6 0
4 7 2
5 7 0
6 7 0
7 7 0
8 7 3
8 6 1
8 5 1
9 5 3
9 4 0
8 4 0
8 3 0
7 3 0
6 3 0
5 3 2
5 2 1
5 1 0
5 0 1
6 0 0
7 0 0
8 0 0
9 0 0
