64
10
8
20
10
10
10
10
20
10
20
10
60
30
40
30
10
20
10
10
20
30
20
20
20
10
10
10
30
20
20
10
30
20
10
10
20
20
30
30
30
40
10
50
30
20
20
10
10
20
10
10
10
10
30
10
10
40
20
10
10
30
20
30
40
20
10
20
30
20
20
20
10
30
20
20
10
10
10
10
20
10
20
50
5 0 0
4 0 0
3 0 0
2 0 0
1 0 0
0 0 1
0 1 1
0 2 1
0 3 1
0 4 1
0 5 2
1 5 0
2 5 3
2 4 1
3 4 0
4 4 0
5 4 0
6 4 0
7 4 0
8 4 3
8 3 0
7 3 1
7 4 0
7 5 0
8 5 0
9 5 3
9 4 1
9 3 1
9 2 1
9 1 1
9 0 0
8 0 1
8 1 0
8 2 3
7 2 0
6 2 0
5 2 1
5 3 3
4 3 0
3 3 2
3 2 1
4 2 3
4 1 0
3 1 0
2 1 1
2 2 0
2 3 3
1 3 0
1 2 0
1 1 0
