63
10
8
20
20
20
20
60
20
20
20
20
10
30
10
10
30
20
10
10
40
20
20
20
10
30
10
50
20
20
20
20
30
30
10
20
20
10
10
10
20
10
10
10
20
20
10
30
10
20
10
10
10
10
10
10
20
20
20
20
20
20
20
10
40
20
20
20
10
20
10
20
20
20
10
20
20
10
10
20
20
20
20
42
3 0 0
2 0 0
1 0 1
1 1 1
1 2 0
1 3 1
1 4 1
1 5 0
1 6 3
0 6 1
0 7 2
1 7 0
2 7 0
3 7 0
4 7 0
5 7 0
6 7 3
6 6 1
7 6 3
7 5 1
8 5 3
8 4 1
9 4 3
9 3 1
9 2 1
9 1 0
8 1 0
7 1 1
7 2 3
6 2 0
5 2 2
5 1 0
4 1 1
4 2 1
4 3 1
4 4 1
4 5 3
3 5 0
2 5 0
1 5 0
0 5 2
0 4 0
