66
10
8
20
10
10
20
10
20
20
20
10
30
30
30
20
30
50
20
10
40
20
10
30
10
60
10
10
30
30
10
40
30
10
20
10
20
40
10
20
10
40
20
10
30
40
30
30
30
10
10
20
40
40
30
40
40
20
10
20
10
20
30
30
10
30
20
20
40
20
30
10
40
20
10
20
20
10
20
10
20
20
20
50
1 6 0
0 6 2
0 5 1
1 5 0
2 5 0
3 5 0
4 5 0
5 5 0
6 5 0
6 6 2
7 6 0
8 6 3
8 5 1
9 5 3
9 4 1
9 3 0
8 3 0
7 3 0
6 3 0
5 3 0
4 3 0
3 3 0
2 3 0
1 3 0
0 3 2
0 2 1
0 1 1
0 0 1
1 0 0
2 0 0
3 0 0
4 0 0
5 0 0
6 0 0
6 1 0
7 1 0
8 1 0
8 2 3
7 2 1
7 3 0
7 4 0
7 5 1
7 6 0
7 7 3
6 7 0
5 7 0
4 7 2
4 6 0
3 6 0
2 6 0
