67
10
8
20
10
10
20
20
20
10
20
20
30
30
10
20
30
10
20
20
10
10
20
10
10
10
10
20
20
20
30
10
10
30
20
10
30
10
30
40
20
30
20
20
20
10
10
20
10
10
20
10
20
30
20
10
10
20
10
10
30
60
30
10
51
10
20
10
20
30
30
30
40
30
10
20
10
10
10
10
20
10
20
54
7 5 1
7 6 1
7 7 3
6 7 0
5 7 2
5 6 1
5 5 1
5 4 0
4 4 1
4 5 3
3 5 0
2 5 0
1 5 0
0 5 2
0 4 1
1 4 3
1 3 1
1 2 0
1 1 0
1 0 1
2 0 0
2 1 1
2 2 1
2 3 2
3 3 0
4 3 0
5 3 0
6 3 3
6 2 0
6 1 1
7 1 0
8 1 0
8 2 0
8 3 0
8 4 0
8 5 0
9 5 3
9 4 1
9 3 1
9 2 1
9 1 1
9 0 0
8 0 0
7 0 0
6 0 0
5 0 1
5 1 3
4 1 0
3 1 1
3 2 2
4 2 0
5 2 0
6 2 0
7 2 0
