64
10
8
20
10
10
10
10
10
10
20
10
40
40
20
60
10
10
10
10
40
30
30
30
40
40
10
10
30
40
30
30
40
30
10
10
10
10
30
20
40
10
10
20
20
20
30
20
10
40
10
10
30
40
40
30
30
30
10
10
30
20
30
20
10
20
10
10
30
40
40
30
30
20
10
20
10
20
10
10
10
51
20
51
9 6 1
9 7 3
8 7 0
7 7 0
6 7 0
5 7 0
4 7 0
3 7 0
2 7 0
1 7 0
0 7 2
0 6 1
0 5 1
0 4 1
0 3 1
0 2 1
0 1 1
0 0 1
1 0 0
2 0 0
3 0 0
4 0 0
5 0 0
5 1 3
4 1 0
3 1 0
2 1 1
2 2 0
2 3 0
2 4 0
2 5 0
3 5 1
3 4 0
3 3 0
3 2 1
4 2 0
5 2 0
5 3 0
5 4 2
6 4 0
7 4 3
7 3 0
7 2 0
6 2 1
6 3 1
5 3 0
4 3 0
3 3 0
2 3 0
1 3 1
1 4 0
