63
10
8
20
20
10
10
10
20
10
20
20
10
20
10
10
40
10
10
10
40
40
10
20
40
40
10
10
10
40
20
10
20
10
10
10
10
10
10
40
20
20
10
20
20
20
10
10
40
30
10
20
10
10
40
50
40
10
10
10
40
10
20
40
10
40
10
20
10
30
40
40
10
40
10
20
20
60
10
20
10
10
20
46
6 4 0
5 4 0
4 4 1
4 5 3
3 5 2
3 4 1
3 3 1
4 3 0
5 3 0
6 3 1
6 2 1
6 1 1
6 0 0
5 0 1
5 1 3
4 1 0
3 1 0
2 1 1
2 2 1
1 2 1
1 3 1
1 4 1
1 5 1
0 5 1
0 6 1
0 7 2
1 7 0
2 7 0
3 7 0
4 7 0
5 7 0
6 7 0
7 7 0
8 7 0
9 7 3
9 6 1
9 5 1
9 4 0
8 4 0
8 3 0
7 3 2
7 2 1
7 1 1
8 1 0
9 1 0
9 2 0
