67
10
8
60
20
20
10
10
20
20
20
20
30
10
40
10
10
30
20
10
10
10
40
20
10
10
10
10
40
20
30
10
10
20
20
10
20
30
30
40
20
40
20
50
10
40
10
40
10
30
20
20
30
40
10
10
10
40
10
10
20
20
30
10
40
10
20
10
20
20
40
10
30
30
10
20
20
20
20
10
20
10
20
48
5 0 0
4 0 0
3 0 0
2 0 0
1 0 1
1 1 0
1 2 1
1 3 0
2 3 0
2 4 2
3 4 0
4 4 0
4 5 3
3 5 0
2 5 0
1 5 0
0 5 1
0 6 2
1 6 0
2 6 0
3 6 0
3 7 2
4 7 3
4 6 1
5 6 0
6 6 1
6 5 1
6 4 1
6 3 1
6 2 1
7 2 3
7 1 0
6 1 0
5 1 0
4 1 1
4 2 0
4 3 0
4 4 0
5 4 1
5 3 1
5 2 0
4 2 0
3 2 2
3 1 0
2 1 0
1 1 0
0 1 2
0 0 0
