64
10
8
20
10
10
10
10
20
20
20
20
10
20
30
20
20
30
20
20
40
20
20
10
20
10
20
10
10
10
40
10
40
20
10
10
10
10
10
30
20
10
20
20
20
10
52
10
40
10
10
10
10
30
40
30
30
20
10
20
20
30
30
10
40
30
20
10
40
40
20
20
40
30
60
20
20
20
20
20
20
10
20
44
5 3 2
6 3 0
6 4 0
6 5 0
6 6 3
5 6 0
4 6 0
3 6 2
3 5 0
2 5 1
2 6 1
2 7 3
1 7 2
1 6 0
1 5 0
0 5 2
0 4 1
0 3 1
0 2 1
0 1 1
0 0 1
1 0 0
1 1 1
1 2 2
2 2 3
2 1 1
3 1 0
4 1 0
5 1 3
5 0 1
6 0 0
7 0 0
7 1 2
8 1 0
8 2 0
9 2 0
9 3 3
8 3 1
8 4 2
9 4 0
9 5 3
8 5 1
8 6 0
8 7 0
