65
10
8
20
10
10
10
20
51
10
20
20
30
20
30
60
10
40
10
20
20
30
10
30
20
30
20
20
10
30
30
30
10
30
10
20
30
10
10
40
30
40
20
20
30
30
20
10
10
20
10
20
30
30
30
30
30
20
10
20
20
20
10
40
30
30
10
10
30
10
30
30
40
40
10
20
10
20
10
10
20
10
20
51
0 5 1
0 6 1
0 7 2
1 7 0
2 7 3
2 6 0
2 5 1
3 5 0
4 5 0
5 5 0
6 5 0
7 5 0
8 5 0
8 6 1
7 6 0
6 6 2
6 5 0
6 4 0
6 3 0
6 2 0
6 1 0
6 0 1
7 0 0
7 1 3
6 1 0
5 1 0
4 1 0
3 1 0
2 1 2
2 0 0
1 0 1
1 1 0
1 2 2
2 2 0
3 2 0
4 2 0
5 2 0
6 2 0
7 2 0
7 3 1
7 4 1
6 4 0
5 4 0
4 4 1
4 5 0
4 6 1
3 6 0
2 6 0
1 6 0
1 5 1
1 4 0
