63
10
8
20
20
20
20
10
10
10
20
20
20
40
20
30
30
10
10
10
20
10
10
10
20
10
10
20
10
20
10
60
10
10
10
10
20
10
10
10
10
20
10
10
10
20
20
10
20
20
10
10
10
20
20
30
10
30
10
10
20
20
20
20
10
10
10
20
40
20
20
10
10
40
10
20
51
10
10
20
20
10
20
46
9 1 1
9 2 1
9 3 1
9 4 3
8 4 0
7 4 2
7 3 0
6 3 2
6 2 1
7 2 3
7 1 0
6 1 0
5 1 0
4 1 1
4 2 1
4 3 1
4 4 1
4 5 1
4 6 2
5 6 3
5 5 1
6 5 0
7 5 0
8 5 0
9 5 0
9 6 1
9 7 3
8 7 0
7 7 0
6 7 0
5 7 0
4 7 0
3 7 0
2 7 0
1 7 0
0 7 2
0 6 1
0 5 1
0 4 1
0 3 1
1 3 3
1 2 1
2 2 0
3 2 0
3 3 1
3 4 0
