64
10
8
20
20
10
20
20
20
20
60
20
40
10
10
20
10
30
20
20
30
20
30
40
10
40
20
20
40
30
20
20
50
40
10
20
20
30
20
30
30
20
10
20
30
20
20
10
20
30
10
10
20
30
20
20
10
40
10
20
30
10
30
30
20
20
20
10
10
10
40
30
20
30
20
20
20
20
10
10
10
10
20
44
3 5 0
2 5 0
1 5 0
0 5 2
0 4 1
1 4 3
1 3 1
1 2 1
1 1 1
2 1 0
3 1 1
3 0 0
2 0 1
2 1 0
2 2 2
3 2 0
4 2 0
5 2 0
5 3 2
6 3 3
6 2 0
6 1 0
5 1 0
4 1 1
4 2 0
4 3 3
3 3 1
3 4 2
4 4 0
5 4 0
6 4 0
6 5 1
6 6 0
7 6 0
7 7 3
6 7 0
5 7 0
4 7 0
3 7 0
2 7 2
2 6 0
1 6 0
0 6 1
0 7 0
