64
10
8
20
20
20
20
20
10
20
60
20
20
30
10
40
10
10
20
10
10
10
10
10
40
10
20
10
40
10
10
40
20
10
20
10
20
20
40
20
40
10
10
20
40
10
20
10
40
40
10
20
20
40
10
10
40
10
10
20
20
10
20
40
10
20
10
10
20
10
10
40
40
10
10
20
20
20
20
51
10
10
20
43
9 4 1
9 5 1
9 6 1
9 7 3
8 7 0
7 7 0
6 7 0
5 7 0
4 7 0
3 7 2
3 6 1
3 5 1
4 5 1
4 4 1
5 4 0
6 4 0
7 4 1
7 3 1
8 3 0
9 3 3
9 2 0
8 2 0
7 2 0
6 2 0
6 1 0
5 1 0
5 0 0
4 0 0
3 0 0
2 0 0
1 0 1
1 1 2
2 1 0
3 1 0
3 2 1
3 3 1
3 4 1
2 4 0
1 4 1
1 5 1
1 6 1
1 7 3
0 7 0
