63
10
8
20
20
10
10
10
10
20
20
10
30
60
40
20
10
30
10
10
30
10
30
20
30
40
10
10
10
30
40
10
20
40
20
10
10
30
10
40
30
10
10
10
20
40
30
52
30
30
10
20
10
30
30
30
30
30
20
20
20
10
40
40
30
30
10
20
20
30
30
30
30
30
20
20
10
10
10
20
20
20
20
51
5 4 2
6 4 0
7 4 1
7 3 0
6 3 0
5 3 0
4 3 0
3 3 1
3 4 1
3 5 2
4 5 0
5 5 0
6 5 0
7 5 0
8 5 0
9 5 0
9 6 3
8 6 0
7 6 0
6 6 0
5 6 0
4 6 0
3 6 1
3 7 2
4 7 0
5 7 0
6 7 3
6 6 0
6 5 0
6 4 0
6 3 0
6 2 0
6 1 1
6 0 0
5 0 0
4 0 0
3 0 0
2 0 0
1 0 0
0 0 1
0 1 2
1 1 0
2 1 0
3 1 0
4 1 0
5 1 0
5 2 1
4 2 0
3 2 0
2 2 0
1 2 0
