63
10
8
20
10
10
20
20
20
10
20
10
30
20
40
20
10
20
20
10
20
10
10
10
20
10
10
10
30
20
30
10
20
30
50
20
20
40
30
10
20
30
20
20
10
30
30
10
10
20
10
10
30
20
10
30
30
20
20
10
20
20
20
20
30
20
20
10
10
30
30
10
30
60
10
20
10
20
10
10
10
20
20
47
3 7 0
2 7 0
1 7 2
1 6 1
2 6 0
3 6 0
4 6 0
5 6 3
5 5 1
5 4 1
5 3 0
5 2 0
5 1 1
5 0 1
6 0 0
7 0 0
8 0 0
9 0 0
9 1 1
9 2 3
8 2 0
7 2 1
7 3 3
6 3 0
5 3 0
4 3 0
3 3 0
2 3 0
1 3 0
1 2 1
2 2 0
3 2 0
3 3 0
3 4 1
3 5 2
4 5 0
4 6 0
4 7 2
5 7 0
6 7 3
6 6 1
7 6 0
7 7 2
8 7 0
9 7 3
9 6 0
8 6 0
