66
10
8
20
10
10
20
20
10
10
20
10
40
20
10
40
30
30
10
10
30
20
10
30
20
30
10
10
30
10
50
40
30
40
10
10
60
30
20
40
20
30
10
10
20
20
10
20
20
40
20
10
40
30
30
30
10
30
10
10
40
30
10
40
40
30
10
10
10
40
10
30
40
40
10
20
20
10
10
20
10
10
20
52
3 3 0
2 3 0
1 3 0
0 3 2
0 2 1
0 1 1
0 0 1
1 0 0
2 0 0
3 0 0
4 0 0
5 0 0
6 0 0
7 0 0
8 0 0
9 0 0
9 1 3
8 1 0
7 1 1
7 2 0
7 3 1
7 4 0
8 4 0
9 4 0
9 5 1
9 6 1
9 7 3
8 7 0
7 7 0
6 7 0
5 7 2
5 6 0
4 6 0
3 6 0
3 5 0
3 4 1
4 4 0
4 5 2
5 5 3
5 4 1
6 4 0
7 4 0
7 5 0
8 5 1
8 4 0
8 3 1
8 2 0
7 2 0
6 2 0
5 2 2
5 1 0
4 1 0
