63
10
8
20
20
20
20
10
10
10
20
20
20
30
20
30
30
20
20
10
30
30
20
20
30
20
10
20
20
30
30
30
20
60
10
10
20
40
10
10
40
10
10
20
10
20
20
10
30
20
10
10
20
30
30
30
20
20
10
20
50
30
20
30
30
20
10
20
20
30
20
30
30
10
20
20
10
20
10
10
10
20
20
46
7 1 0
6 1 1
6 2 0
6 3 0
6 4 0
6 5 3
5 5 0
4 5 0
4 4 1
4 3 1
4 2 0
3 2 0
2 2 0
1 2 0
0 2 1
0 3 2
1 3 3
1 2 0
1 1 1
2 1 0
3 1 3
3 0 1
4 0 0
5 0 0
5 1 1
5 2 2
6 2 0
7 2 0
8 2 0
9 2 0
9 3 1
9 4 1
9 5 1
9 6 3
8 6 0
7 6 2
7 5 0
7 4 0
7 3 0
6 3 0
5 3 1
5 4 1
5 5 0
5 6 3
4 6 0
3 6 0
