64
10
8
51
10
10
10
10
10
10
20
10
20
10
20
10
30
30
20
20
10
30
20
30
30
30
10
10
30
10
30
40
30
40
10
20
30
10
30
30
40
30
10
10
30
30
20
40
30
10
20
20
20
30
20
10
30
30
10
10
30
30
20
20
30
20
10
20
10
30
10
30
30
30
20
20
10
60
20
10
20
20
20
52
0 0 1
0 1 1
0 2 1
0 3 1
0 4 1
0 5 1
0 6 1
0 7 2
1 7 3
1 6 0
1 5 0
1 4 1
1 3 1
2 3 3
2 2 0
2 1 1
2 0 1
3 0 0
4 0 0
4 1 0
4 2 1
4 3 0
4 4 0
4 5 0
5 5 0
6 5 0
7 5 0
8 5 0
9 5 0
9 6 3
8 6 0
7 6 2
7 5 0
7 4 0
6 4 0
5 4 1
5 5 0
5 6 1
5 7 2
6 7 0
7 7 0
8 7 3
8 6 0
8 5 0
8 4 0
8 3 1
8 2 0
8 1 1
8 0 1
9 0 0
9 1 1
9 2 0
