64
10
8
20
20
10
20
10
10
20
20
20
20
20
30
40
40
10
20
20
10
10
10
40
30
30
20
20
10
20
30
30
30
20
20
20
40
10
30
30
30
10
20
10
20
10
10
10
20
20
20
60
10
30
20
10
40
40
20
52
30
20
40
30
20
20
20
20
40
20
20
20
20
30
10
20
10
20
20
20
20
10
20
42
7 0 2
8 0 0
8 1 1
7 1 0
6 1 0
5 1 1
5 2 1
5 3 1
5 4 1
5 5 2
6 5 1
6 4 1
6 3 1
7 3 1
7 2 1
8 2 0
8 3 2
9 3 0
9 4 3
8 4 1
8 5 3
7 5 1
7 6 3
6 6 1
6 7 3
5 7 2
5 6 0
4 6 0
3 6 2
3 5 0
3 4 0
3 3 0
3 2 0
2 2 0
1 2 2
1 1 1
2 1 0
3 1 0
4 1 1
4 0 1
5 0 0
6 0 0
