66
10
8
20
10
20
10
20
10
10
20
20
30
40
40
40
40
60
10
20
30
30
30
30
30
10
20
10
40
30
10
30
20
52
10
20
30
40
30
10
30
20
10
10
30
30
10
40
20
20
10
10
10
30
10
30
30
30
10
10
30
30
10
10
40
40
10
10
30
10
30
40
40
20
20
20
20
10
10
10
20
10
20
53
3 6 2
4 6 3
4 5 0
4 4 1
4 3 0
4 2 0
3 2 0
2 2 0
1 2 0
1 1 0
1 0 1
2 0 0
2 1 0
2 2 0
2 3 0
2 4 0
2 5 0
2 6 1
2 7 2
3 7 0
4 7 0
5 7 0
6 7 0
7 7 0
8 7 3
8 6 0
7 6 0
7 5 0
6 5 0
5 5 2
5 4 1
6 4 0
7 4 0
8 4 0
8 5 0
9 5 3
9 4 1
9 3 1
9 2 1
9 1 0
8 1 0
7 1 0
6 1 0
5 1 0
4 1 0
3 1 1
3 2 0
3 3 1
3 4 0
3 5 3
2 5 0
1 5 1
1 6 0
