66
10
8
20
10
20
10
60
20
10
20
20
30
30
20
40
10
20
10
20
10
20
10
30
30
40
10
10
20
30
10
30
20
10
10
10
20
40
40
20
20
40
10
20
20
30
10
40
30
20
10
10
20
30
30
20
40
20
10
20
30
10
10
10
30
20
50
20
20
20
40
40
10
20
10
20
20
10
10
20
10
20
20
47
7 7 0
6 7 0
5 7 0
4 7 0
3 7 0
2 7 0
1 7 0
0 7 2
0 6 1
0 5 1
1 5 0
2 5 0
3 5 3
3 4 0
3 3 1
3 2 0
3 1 1
4 1 0
4 2 0
5 2 0
6 2 0
7 2 0
8 2 0
8 3 1
7 3 0
6 3 0
5 3 0
4 3 1
4 4 2
5 4 0
5 5 0
5 6 2
6 6 3
6 5 0
5 5 0
4 5 1
4 6 1
3 6 0
2 6 0
2 5 0
2 4 0
2 3 1
2 2 0
1 2 0
0 2 1
0 3 1
0 4 0
