63
10
8
20
60
10
20
10
10
20
20
10
40
10
20
10
40
20
20
20
30
20
20
10
10
20
10
20
10
10
30
53
30
40
20
20
20
30
30
30
10
40
20
20
10
30
30
30
40
30
10
20
30
10
20
30
20
40
10
20
10
10
30
20
20
40
20
20
20
20
10
20
30
20
20
20
20
20
20
10
10
10
20
43
3 4 3
3 3 0
3 2 1
3 1 1
3 0 1
4 0 0
4 1 2
5 1 0
6 1 0
7 1 0
8 1 0
8 2 2
9 2 0
9 3 3
8 3 0
7 3 0
6 3 1
6 4 0
6 5 2
7 5 3
7 4 1
8 4 0
8 5 0
8 6 3
7 6 1
7 7 3
6 7 0
5 7 0
4 7 2
4 6 0
3 6 1
3 7 3
2 7 0
1 7 2
1 6 0
0 6 2
0 5 1
0 4 1
0 3 1
1 3 3
1 2 1
1 1 0
0 1 0
