63
10
8
20
10
20
10
20
20
20
20
20
40
40
30
40
10
30
10
10
20
10
40
40
10
40
10
20
30
30
20
40
30
10
10
10
10
20
30
40
10
40
10
20
40
40
10
20
30
30
10
10
10
20
10
40
40
40
10
20
10
40
10
10
30
53
10
10
10
40
20
10
60
20
10
20
10
20
20
20
20
10
20
45
7 6 3
7 5 0
7 4 1
7 3 1
7 2 0
6 2 1
6 3 1
6 4 1
5 4 2
5 3 1
5 2 0
4 2 1
4 3 0
4 4 1
3 4 0
3 3 0
2 3 0
2 2 1
2 1 0
1 1 0
1 0 0
0 0 1
0 1 1
0 2 2
1 2 0
1 3 0
1 4 0
2 4 0
2 5 1
2 6 1
1 6 0
0 6 1
0 7 2
1 7 0
2 7 0
3 7 0
4 7 0
5 7 0
6 7 0
7 7 0
8 7 0
9 7 3
9 6 1
9 5 0
8 5 0
