66
10
8
20
20
10
10
10
10
10
20
20
30
10
30
10
20
20
10
20
40
10
10
20
10
10
10
10
20
20
60
10
30
10
10
10
40
40
52
30
20
20
10
20
40
20
10
30
10
40
20
20
20
10
10
30
10
10
10
10
40
10
30
20
10
10
20
20
10
30
20
30
30
10
10
20
20
20
10
10
20
20
20
50
4 3 2
5 3 0
6 3 0
7 3 0
8 3 3
8 2 0
8 1 1
8 0 0
7 0 0
6 0 1
6 1 3
5 1 0
5 0 0
4 0 0
3 0 0
2 0 1
2 1 1
1 1 0
0 1 1
0 2 1
0 3 1
0 4 1
0 5 1
0 6 1
0 7 2
1 7 0
2 7 0
3 7 0
4 7 0
5 7 3
5 6 0
4 6 2
4 5 1
5 5 0
6 5 0
7 5 0
8 5 0
9 5 3
9 4 1
9 3 1
9 2 0
8 2 0
7 2 0
6 2 0
5 2 2
5 1 0
4 1 1
4 2 1
3 2 1
3 3 0
