65
10
8
20
10
20
20
10
20
20
20
20
30
10
30
30
20
20
10
10
30
20
40
20
10
20
20
10
30
20
20
30
10
20
10
10
30
30
10
10
40
30
20
10
10
10
10
30
20
20
10
10
60
20
20
20
10
30
20
10
30
30
10
20
40
30
10
10
40
30
30
50
30
20
20
20
10
10
10
10
10
10
20
50
8 4 0
7 4 1
7 5 1
6 5 0
5 5 1
5 6 2
6 6 0
7 6 0
8 6 0
8 7 2
9 7 3
9 6 1
9 5 1
9 4 1
9 3 1
9 2 1
9 1 1
9 0 0
8 0 0
7 0 0
6 0 0
5 0 0
4 0 0
3 0 0
2 0 0
1 0 1
1 1 0
1 2 1
1 3 0
1 4 0
1 5 3
0 5 2
0 4 1
0 3 1
1 3 0
2 3 0
2 4 2
3 4 0
4 4 0
5 4 0
6 4 3
6 3 0
5 3 0
4 3 0
3 3 2
3 2 1
4 2 0
5 2 0
6 2 3
6 1 0
