64
10
8
20
20
20
20
20
10
20
20
10
20
10
20
10
30
30
20
10
10
30
30
30
10
20
10
20
30
20
10
10
30
10
10
20
40
10
20
40
20
20
10
20
10
10
20
10
20
50
60
10
10
40
20
40
20
10
20
20
10
30
40
20
10
20
20
20
30
30
20
10
10
20
20
20
10
10
20
10
20
20
20
44
5 6 0
4 6 2
4 5 1
5 5 3
5 4 1
5 3 0
4 3 1
4 4 1
3 4 0
2 4 0
1 4 0
0 4 2
0 3 1
1 3 3
1 2 1
1 1 0
0 1 2
0 0 1
1 0 0
2 0 0
3 0 0
3 1 0
3 2 2
4 2 0
5 2 0
6 2 0
6 3 2
7 3 1
7 2 0
7 1 1
7 0 1
8 0 0
8 1 0
8 2 0
8 3 2
9 3 0
9 4 1
9 5 3
8 5 0
7 5 0
6 5 1
6 6 1
6 7 3
5 7 0
