64
10
8
20
10
10
10
10
20
10
20
10
20
10
10
53
40
10
20
60
10
10
10
10
10
40
20
20
10
40
40
10
20
10
20
10
10
10
30
40
10
20
10
10
10
10
20
30
40
40
20
20
10
20
10
10
20
40
20
10
10
10
10
20
40
40
20
10
40
10
20
10
10
20
10
20
10
10
10
20
20
10
20
48
1 4 3
1 3 1
1 2 1
1 1 1
2 1 0
3 1 0
4 1 0
5 1 0
6 1 0
7 1 0
8 1 0
8 2 1
8 3 3
7 3 0
6 3 0
5 3 1
5 4 0
5 5 0
6 5 0
6 6 0
7 6 0
7 7 2
8 7 0
9 7 3
9 6 1
9 5 0
8 5 0
7 5 0
7 4 0
6 4 0
5 4 0
4 4 1
4 5 1
4 6 3
3 6 0
2 6 1
2 7 3
1 7 2
1 6 1
1 5 0
0 5 2
0 4 1
0 3 1
0 2 1
0 1 1
0 0 1
1 0 0
2 0 0
