66
10
8
20
10
10
20
10
20
20
20
20
10
10
20
20
10
20
20
20
10
10
10
20
20
20
10
20
10
20
10
30
20
20
20
20
40
10
20
20
20
20
10
10
20
10
10
30
10
10
10
10
10
20
10
20
40
20
20
10
20
20
10
10
10
20
10
10
20
20
20
40
30
52
10
60
10
10
10
10
20
20
20
46
8 6 2
9 6 0
9 7 3
8 7 0
7 7 0
6 7 2
6 6 0
5 6 0
4 6 2
4 5 0
3 5 1
3 6 3
2 6 2
2 5 0
1 5 0
0 5 2
0 4 1
0 3 1
1 3 3
1 2 1
1 1 1
1 0 1
2 0 0
2 1 1
2 2 1
2 3 1
2 4 2
3 4 0
4 4 3
4 3 1
5 3 0
6 3 0
7 3 0
8 3 0
8 4 1
7 4 0
6 4 1
6 5 0
7 5 0
8 5 0
9 5 3
9 4 1
9 3 1
9 2 1
9 1 1
9 0 0
