65
10
8
60
10
10
10
10
20
10
20
20
20
40
10
10
30
20
20
20
10
10
10
20
10
10
10
20
10
40
20
40
10
10
20
20
10
20
10
50
10
10
10
20
40
30
10
10
20
20
20
10
20
10
30
10
20
10
20
10
10
10
20
30
20
10
20
20
10
30
20
40
10
10
20
20
20
20
20
20
20
10
20
47
4 4 0
3 4 0
3 3 1
4 3 0
5 3 0
6 3 0
7 3 0
7 4 0
7 5 2
8 5 0
9 5 3
9 4 0
8 4 0
8 3 1
9 3 3
9 2 0
8 2 0
7 2 0
6 2 0
5 2 0
4 2 2
4 1 1
4 0 0
3 0 1
3 1 1
3 2 1
2 2 0
1 2 1
1 3 1
1 4 1
1 5 0
1 6 2
2 6 0
3 6 0
4 6 0
5 6 3
5 5 0
4 5 0
3 5 0
2 5 0
1 5 0
0 5 2
0 4 1
0 3 1
0 2 1
0 1 1
0 0 0
