64
10
8
52
20
20
20
10
20
20
20
20
30
20
10
40
40
30
10
10
30
10
20
40
20
20
10
20
20
30
10
20
10
40
10
10
20
10
30
40
40
20
20
20
10
10
10
20
40
40
10
10
40
20
10
40
20
40
10
10
40
20
10
20
10
10
20
10
30
10
60
10
10
10
10
20
20
20
10
10
10
10
20
46
0 0 2
1 0 0
1 1 0
1 2 2
2 2 0
3 2 0
4 2 0
5 2 0
6 2 3
6 1 1
7 1 0
7 2 2
8 2 0
9 2 0
9 3 1
9 4 1
9 5 1
9 6 1
9 7 3
8 7 0
7 7 2
7 6 1
7 5 1
7 4 0
6 4 1
6 5 3
5 5 0
5 4 0
4 4 1
4 5 1
3 5 0
2 5 1
2 6 3
1 6 0
0 6 2
0 5 1
1 5 1
1 4 1
2 4 1
2 3 1
3 3 0
4 3 0
5 3 0
6 3 0
7 3 0
8 3 0
