63
10
8
20
10
10
10
20
10
52
20
20
10
40
20
20
10
10
20
10
10
20
20
10
10
10
10
20
40
40
40
10
60
10
10
20
10
20
10
10
10
40
10
10
10
40
10
10
10
10
20
10
40
20
20
10
10
30
20
10
20
10
20
10
10
20
10
10
40
30
40
40
20
10
20
20
20
20
20
20
10
20
20
45
0 6 2
1 6 0
2 6 0
3 6 0
4 6 1
4 5 1
4 4 1
4 3 1
4 2 1
5 2 0
5 3 1
5 4 1
5 5 1
5 6 1
5 7 2
6 7 3
6 6 0
6 5 1
6 4 1
6 3 1
7 3 0
7 4 1
7 5 1
7 6 2
8 6 0
9 6 3
9 5 1
9 4 0
8 4 0
8 3 1
9 3 3
9 2 0
8 2 0
7 2 0
6 2 2
6 1 0
5 1 0
4 1 0
3 1 1
3 2 1
2 2 1
2 3 2
3 3 0
3 4 1
3 5 0
