63
10
8
20
20
20
10
10
10
10
20
10
10
40
40
30
10
30
20
20
30
10
10
10
10
10
20
10
10
30
20
20
40
10
10
20
30
20
40
30
10
20
10
20
30
10
10
10
53
40
10
10
10
10
40
60
40
40
10
10
10
30
40
10
40
20
10
10
10
20
20
10
40
10
10
20
20
20
20
20
20
10
20
47
5 5 3
5 4 1
5 3 1
5 2 1
5 1 0
5 0 1
6 0 0
7 0 0
8 0 0
9 0 0
9 1 3
8 1 0
7 1 0
6 1 0
5 1 0
4 1 0
3 1 0
2 1 0
1 1 0
0 1 2
0 0 1
1 0 0
2 0 0
2 1 0
2 2 1
2 3 1
2 4 1
2 5 1
2 6 1
2 7 2
3 7 0
4 7 0
5 7 0
6 7 0
7 7 0
8 7 0
9 7 3
9 6 1
9 5 0
8 5 0
8 4 1
8 3 0
7 3 1
7 4 1
7 5 1
6 5 0
6 4 0
