64
10
8
20
10
10
10
10
20
20
20
20
30
10
30
20
10
20
10
20
20
10
40
40
30
20
10
20
20
10
30
10
40
10
10
20
40
10
10
40
10
30
20
10
10
10
20
10
10
30
20
10
30
20
20
10
10
10
10
20
30
20
10
20
20
40
10
20
10
30
30
10
40
20
10
50
20
20
20
60
10
20
20
47
9 0 0
8 0 1
8 1 1
8 2 0
8 3 0
8 4 1
8 5 1
7 5 1
7 6 1
6 6 0
5 6 0
4 6 0
3 6 0
2 6 2
2 5 0
2 4 0
1 4 2
1 3 0
1 2 1
1 1 0
1 0 0
0 0 1
0 1 1
0 2 1
0 3 1
0 4 1
0 5 2
1 5 0
2 5 0
3 5 1
3 4 1
3 3 0
3 2 1
3 1 1
4 1 1
4 0 1
5 0 0
6 0 0
7 0 0
7 1 0
7 2 3
6 2 1
6 3 2
7 3 0
8 3 0
9 3 0
9 4 0
