63
10
8
20
20
10
10
20
20
10
20
10
10
10
10
20
10
20
10
10
10
10
40
20
40
20
10
60
10
10
30
30
10
20
10
10
10
10
20
20
30
10
10
20
10
10
10
30
10
20
10
20
10
20
40
10
20
20
10
20
10
30
20
20
20
50
10
20
10
20
20
10
20
20
20
20
10
20
20
10
20
20
20
47
7 6 0
6 6 2
6 5 1
7 5 3
7 4 0
6 4 0
5 4 0
4 4 2
4 3 1
5 3 0
6 3 1
6 2 1
7 2 0
8 2 3
8 1 1
8 0 0
7 0 1
7 1 1
7 2 0
7 3 2
8 3 0
8 4 1
8 5 2
9 5 0
9 6 3
8 6 1
8 7 3
7 7 0
6 7 0
5 7 0
4 7 0
3 7 0
2 7 0
1 7 0
0 7 2
0 6 1
0 5 1
1 5 0
2 5 0
2 6 2
3 6 3
3 5 1
3 4 0
3 3 0
3 2 1
3 1 1
3 0 0
