64
10
8
20
20
20
10
10
10
20
20
10
30
20
30
30
10
20
10
20
10
20
10
20
10
20
10
10
20
10
10
20
20
10
10
20
10
10
60
30
30
10
10
20
30
10
10
20
20
10
10
20
10
10
20
51
10
20
10
10
20
20
20
30
30
10
20
10
10
30
20
20
10
10
10
20
10
10
10
20
10
10
20
50
6 4 1
6 5 1
6 6 3
5 6 0
4 6 0
3 6 0
2 6 2
2 5 1
2 4 1
3 4 3
3 3 1
3 2 1
3 1 0
2 1 0
1 1 0
0 1 1
0 2 2
1 2 0
1 3 0
1 4 0
1 5 1
1 6 3
0 6 1
0 7 2
1 7 0
2 7 0
3 7 0
4 7 0
5 7 0
6 7 0
7 7 3
7 6 1
7 5 0
7 4 0
7 3 1
8 3 0
8 4 2
9 4 3
9 3 1
9 2 1
9 1 1
9 0 0
8 0 0
7 0 0
6 0 1
6 1 1
6 2 1
6 3 3
5 3 0
4 3 0
