63
10
8
20
20
20
10
10
20
20
20
20
10
10
10
30
20
10
20
10
30
10
10
20
20
20
20
20
40
10
30
10
40
40
20
20
20
10
10
20
30
20
20
10
10
20
30
40
10
20
10
20
10
20
40
40
20
10
10
10
10
40
10
10
10
40
10
10
40
40
60
20
30
10
10
51
20
10
10
20
10
10
20
45
9 0 1
9 1 3
8 1 1
8 2 1
7 2 1
7 3 1
7 4 1
7 5 1
7 6 1
6 6 0
5 6 2
5 5 1
5 4 0
4 4 2
4 3 1
4 2 1
4 1 0
3 1 0
3 0 0
2 0 0
1 0 1
1 1 1
1 2 1
1 3 1
1 4 0
1 5 3
0 5 1
0 6 2
1 6 0
2 6 0
2 7 2
3 7 3
3 6 1
4 6 0
4 7 2
5 7 0
6 7 0
7 7 0
8 7 0
9 7 3
9 6 1
9 5 1
9 4 0
8 4 2
8 3 0
