65
10
8
20
10
20
10
10
10
20
20
20
40
53
30
30
20
10
10
10
10
20
10
10
30
30
20
10
20
30
40
10
30
30
20
20
40
30
10
30
10
30
20
20
30
40
10
10
20
40
20
20
20
10
10
10
40
20
10
10
30
10
40
40
30
20
20
20
30
10
40
20
10
10
20
20
20
10
10
10
60
20
20
48
1 2 3
1 1 1
2 1 0
3 1 0
3 2 0
3 3 0
4 3 0
5 3 0
6 3 0
7 3 0
7 4 0
8 4 0
8 5 1
8 6 1
8 7 3
7 7 2
7 6 0
6 6 2
6 5 0
5 5 1
5 6 1
4 6 0
3 6 0
2 6 0
1 6 0
0 6 1
0 7 2
1 7 0
2 7 3
2 6 0
2 5 0
2 4 1
2 3 1
2 2 1
3 2 0
4 2 0
5 2 1
5 1 0
5 0 1
6 0 0
6 1 2
7 1 0
8 1 0
9 1 0
9 2 1
9 3 1
9 4 1
9 5 0
