63
10
8
60
10
10
10
10
20
10
20
20
30
20
10
10
20
20
20
10
20
30
10
30
10
10
20
10
10
10
20
30
10
30
10
20
10
40
20
40
10
20
10
20
20
10
30
40
10
10
20
20
20
20
40
20
10
20
20
10
20
40
20
40
10
10
50
10
20
40
40
40
10
20
20
20
20
20
20
10
20
10
20
43
7 7 0
6 7 2
6 6 1
7 6 0
8 6 3
8 5 1
8 4 0
7 4 0
7 3 0
6 3 0
6 2 1
7 2 1
7 1 0
6 1 2
6 0 0
5 0 1
5 1 3
4 1 0
3 1 0
2 1 1
2 2 0
2 3 1
2 4 0
2 5 1
2 6 1
2 7 2
3 7 0
4 7 0
5 7 3
5 6 1
5 5 1
5 4 1
6 4 3
6 3 0
5 3 0
4 3 2
4 2 0
3 2 0
2 2 0
1 2 2
1 1 0
1 0 0
0 0 0
