63
10
8
20
20
20
20
20
10
20
20
10
10
10
30
30
30
20
20
10
10
20
20
30
20
30
53
20
20
20
10
10
10
20
10
10
10
30
10
10
20
10
20
20
20
20
10
20
30
20
10
10
30
20
20
20
10
60
10
20
20
10
20
30
20
20
10
20
30
30
30
10
20
10
10
20
10
20
20
20
20
10
20
44
2 7 3
2 6 0
2 5 1
3 5 0
4 5 0
4 6 1
4 7 2
5 7 0
6 7 0
7 7 0
8 7 0
9 7 3
9 6 1
9 5 0
8 5 2
8 4 1
8 3 0
8 2 0
8 1 0
8 0 0
7 0 1
7 1 3
6 1 0
5 1 1
5 2 3
4 2 0
3 2 2
3 1 0
2 1 0
1 1 0
0 1 1
0 2 2
1 2 0
2 2 0
2 3 2
3 3 0
4 3 0
5 3 0
6 3 0
6 4 3
5 4 1
5 5 0
5 6 2
6 6 0
