67
10
8
20
10
20
20
20
20
10
20
10
40
30
20
30
30
20
20
10
20
30
20
10
10
40
10
20
10
10
30
30
30
40
20
10
40
10
30
30
20
40
10
20
10
20
30
30
10
10
10
10
30
10
40
20
10
40
10
10
10
10
30
30
40
40
20
10
20
10
30
30
20
10
20
50
60
10
10
10
20
20
20
52
9 0 0
8 0 0
7 0 0
6 0 0
5 0 1
5 1 1
5 2 3
4 2 0
3 2 0
2 2 0
1 2 0
0 2 1
0 3 2
1 3 3
1 2 0
1 1 1
2 1 0
2 2 0
2 3 2
3 3 0
4 3 0
5 3 0
6 3 0
6 4 3
5 4 0
4 4 0
3 4 0
2 4 0
1 4 0
0 4 1
0 5 2
1 5 0
2 5 0
3 5 0
4 5 0
4 6 1
3 6 1
3 7 2
4 7 0
5 7 0
6 7 0
7 7 3
7 6 1
8 6 0
9 6 3
9 5 0
8 5 2
8 4 0
8 3 0
8 2 1
8 1 1
9 1 0
