63
10
8
20
10
20
10
10
20
10
20
10
60
20
30
10
20
20
20
52
10
10
10
20
20
10
20
20
10
30
20
20
10
20
10
20
10
10
20
30
10
30
10
10
10
30
20
40
20
20
10
10
20
20
10
20
20
30
20
10
30
20
20
10
40
20
10
20
10
30
20
20
30
10
20
20
10
10
10
10
20
20
20
45
2 0 2
3 0 0
3 1 1
3 2 0
3 3 2
4 3 3
4 2 1
4 1 1
4 0 1
5 0 0
6 0 0
7 0 0
8 0 0
8 1 1
8 2 0
8 3 3
7 3 2
7 2 0
6 2 1
6 3 1
6 4 2
7 4 0
8 4 0
8 5 0
8 6 1
8 7 3
7 7 0
6 7 2
6 6 0
6 5 0
5 5 2
5 4 0
4 4 0
3 4 1
3 5 1
3 6 3
2 6 0
1 6 2
1 5 0
0 5 2
0 4 1
0 3 1
0 2 1
1 2 3
1 1 0
