64
10
8
20
20
10
10
10
20
10
20
20
20
20
40
10
10
10
10
20
40
10
10
20
30
20
10
20
10
10
10
20
30
10
10
20
10
10
10
20
10
20
10
10
50
10
20
20
10
40
20
10
20
10
20
20
30
20
10
20
10
10
10
20
10
20
10
10
40
20
10
20
10
10
60
20
20
10
10
10
20
20
20
48
5 1 0
4 1 0
3 1 0
2 1 0
2 0 0
1 0 1
1 1 3
0 1 1
0 2 1
0 3 1
0 4 1
0 5 2
1 5 0
2 5 0
3 5 0
4 5 0
5 5 0
6 5 0
7 5 0
8 5 0
9 5 3
9 4 1
9 3 1
9 2 1
9 1 0
8 1 1
8 2 3
7 2 0
6 2 0
5 2 0
4 2 0
3 2 0
2 2 0
1 2 1
1 3 0
2 3 0
3 3 0
4 3 0
5 3 0
5 4 2
6 4 0
6 5 0
6 6 3
5 6 1
5 7 2
6 7 0
7 7 0
8 7 0
