63
10
8
20
10
10
20
10
20
10
20
10
20
10
30
20
10
10
10
20
30
30
30
40
30
10
20
10
30
30
20
30
30
10
20
10
10
30
30
40
20
10
10
20
40
10
30
10
40
60
10
10
20
10
52
20
30
30
10
20
10
10
30
30
10
20
10
20
30
30
30
20
30
10
10
20
10
20
20
10
10
20
20
51
6 3 2
7 3 0
8 3 0
9 3 0
9 4 1
9 5 1
9 6 3
8 6 0
7 6 2
7 5 1
7 4 0
7 3 0
7 2 1
7 1 1
7 0 0
6 0 0
5 0 1
5 1 1
4 1 0
3 1 0
2 1 0
1 1 1
1 2 1
1 3 0
1 4 2
2 4 0
2 5 0
2 6 1
2 7 2
3 7 3
3 6 1
3 5 0
3 4 0
3 3 0
2 3 0
1 3 0
0 3 2
0 2 1
0 1 1
0 0 1
1 0 0
2 0 0
2 1 0
2 2 0
2 3 0
2 4 0
3 4 0
4 4 0
4 5 2
5 5 0
5 6 0
