65
10
8
20
20
10
10
10
10
10
20
20
30
30
20
20
30
10
20
20
30
40
40
30
10
40
10
10
40
30
10
30
10
20
10
10
20
20
40
40
10
10
60
20
20
30
20
20
40
10
20
10
10
10
20
20
10
10
10
10
20
30
10
30
30
20
10
20
10
10
20
10
40
30
20
20
20
10
10
10
10
53
20
49
9 6 3
9 5 1
9 4 1
9 3 1
9 2 1
9 1 0
8 1 0
7 1 1
7 2 0
7 3 1
7 4 0
7 5 0
7 6 3
6 6 0
5 6 0
4 6 0
3 6 2
3 5 1
3 4 0
3 3 1
3 2 0
3 1 0
2 1 0
1 1 0
0 1 2
0 0 1
1 0 0
1 1 0
1 2 0
1 3 2
2 3 1
2 2 1
3 2 0
4 2 3
4 1 1
5 1 0
5 2 0
5 3 3
4 3 1
4 4 1
3 4 0
2 4 0
1 4 1
1 5 0
1 6 1
1 7 2
2 7 0
3 7 0
4 7 0
