63
10
8
20
10
10
20
10
20
10
20
20
30
20
20
30
30
30
10
20
30
10
30
30
30
20
53
10
20
30
10
20
30
10
60
20
10
20
20
30
30
20
10
10
30
40
20
20
30
10
10
10
10
20
20
10
20
30
20
10
30
30
10
10
30
10
20
10
20
20
20
30
30
30
20
20
10
10
20
20
10
10
20
50
2 7 3
2 6 1
3 6 0
4 6 3
4 5 0
4 4 0
4 3 1
5 3 0
5 4 2
6 4 0
7 4 0
8 4 0
9 4 0
9 5 1
9 6 1
9 7 3
8 7 2
8 6 0
8 5 0
8 4 0
8 3 1
9 3 3
9 2 1
9 1 1
9 0 0
8 0 0
7 0 0
6 0 0
5 0 0
4 0 1
4 1 1
4 2 3
3 2 0
2 2 0
1 2 1
1 3 3
0 3 1
0 4 1
0 5 2
1 5 0
2 5 0
3 5 0
4 5 0
5 5 0
6 5 0
6 6 0
6 7 3
5 7 0
4 7 0
3 7 0
