67
10
8
20
20
20
10
20
20
20
20
10
20
20
10
30
30
20
20
10
40
20
20
40
40
10
20
10
20
10
40
10
20
30
10
10
30
10
40
10
10
20
20
10
40
40
30
30
10
40
10
20
20
10
30
20
10
40
10
10
10
10
10
20
10
10
20
20
40
10
30
30
10
40
10
20
51
10
20
10
60
20
20
49
9 1 1
9 2 1
9 3 3
8 3 0
7 3 0
6 3 0
5 3 0
4 3 1
4 4 1
4 5 1
4 6 2
5 6 1
5 5 1
5 4 0
5 3 0
5 2 0
4 2 0
3 2 0
2 2 1
2 3 2
3 3 0
3 4 1
3 5 3
2 5 0
2 4 0
1 4 0
0 4 2
0 3 1
0 2 1
1 2 3
1 1 0
0 1 2
0 0 1
1 0 0
2 0 0
3 0 0
4 0 0
5 0 0
6 0 0
6 1 2
7 1 0
8 1 0
8 2 1
8 3 0
8 4 0
8 5 1
8 6 0
9 6 3
9 5 0
