63
10
8
20
10
20
20
20
10
20
20
20
40
60
10
20
20
20
20
20
10
30
10
53
30
20
10
10
30
20
10
10
40
20
10
20
10
30
10
40
20
10
10
20
20
10
10
10
10
10
10
20
30
30
30
30
30
40
10
10
10
10
10
40
10
20
10
20
30
10
30
40
30
10
10
20
20
20
20
10
10
10
20
48
2 4 3
2 3 1
2 2 0
2 1 1
2 0 1
3 0 0
4 0 0
4 1 1
4 2 0
4 3 1
4 4 0
5 4 0
6 4 0
7 4 0
7 5 1
7 6 3
6 6 0
6 5 0
6 4 0
6 3 0
6 2 0
6 1 0
6 0 0
5 0 1
5 1 2
6 1 0
7 1 0
8 1 0
9 1 0
9 2 3
8 2 0
7 2 0
6 2 0
5 2 0
4 2 0
3 2 1
3 3 1
3 4 1
3 5 1
2 5 0
1 5 1
1 6 3
0 6 2
0 5 1
0 4 1
1 4 3
1 3 1
1 2 0
