65
10
8
20
20
20
10
20
10
10
20
20
40
10
10
20
10
10
10
20
40
10
40
20
40
40
10
20
20
40
10
51
10
20
20
20
40
40
20
10
20
10
20
10
20
20
10
40
30
40
10
20
40
10
10
40
10
30
10
10
20
10
10
20
20
10
20
10
60
20
20
20
10
10
20
20
20
20
10
10
20
20
20
43
3 4 1
3 5 1
3 6 2
4 6 0
5 6 1
5 5 0
5 4 1
6 4 1
6 3 1
6 2 1
6 1 0
5 1 1
5 2 3
4 2 0
4 1 0
3 1 2
3 0 0
2 0 1
2 1 1
1 1 1
1 2 1
1 3 1
1 4 2
2 4 3
2 3 1
3 3 0
4 3 0
4 4 1
4 5 2
5 5 0
6 5 0
7 5 0
7 6 1
7 7 2
8 7 3
8 6 1
8 5 1
8 4 0
7 4 2
7 3 1
7 2 1
7 1 1
8 1 0
