66
10
8
20
10
20
10
10
10
10
20
20
10
30
10
20
30
40
60
10
30
40
20
10
30
30
20
20
30
20
20
30
20
10
20
20
20
20
20
10
30
20
10
20
10
30
40
20
20
10
20
10
20
20
20
10
30
30
52
10
20
30
10
30
20
10
10
10
10
10
10
20
20
10
10
20
10
20
20
10
20
20
20
48
6 7 2
7 7 0
8 7 0
9 7 3
9 6 0
8 6 0
7 6 0
6 6 0
5 6 0
4 6 2
4 5 0
4 4 1
4 3 1
5 3 1
5 2 0
5 1 1
5 0 1
6 0 0
7 0 0
8 0 0
9 0 0
9 1 1
9 2 3
8 2 0
7 2 0
6 2 1
6 3 2
7 3 0
8 3 0
9 3 0
9 4 1
9 5 3
8 5 2
8 4 0
7 4 0
6 4 0
5 4 1
5 5 3
4 5 0
3 5 2
3 4 0
3 3 0
2 3 1
2 4 1
2 5 0
2 6 0
2 7 3
1 7 0
