65
10
8
20
20
20
10
10
10
10
20
10
20
10
10
30
20
20
10
10
30
10
20
40
20
10
10
10
40
40
20
10
30
20
10
50
20
10
10
20
10
10
10
10
20
30
20
20
30
20
20
20
20
40
30
30
10
10
20
20
20
40
40
10
40
20
20
20
30
40
40
30
10
40
10
20
10
20
10
20
20
20
60
45
4 0 0
3 0 0
2 0 0
1 0 0
0 0 1
0 1 2
1 1 0
1 2 1
1 3 1
1 4 0
1 5 2
2 5 3
2 4 1
3 4 0
4 4 3
4 3 1
4 2 1
4 1 1
5 1 0
5 2 0
5 3 2
6 3 0
7 3 1
7 2 0
6 2 0
6 1 1
7 1 3
7 0 1
8 0 0
8 1 0
8 2 0
9 2 0
9 3 1
9 4 3
8 4 0
7 4 0
6 4 0
5 4 1
5 5 0
5 6 2
6 6 0
7 6 0
7 7 2
8 7 0
9 7 0
