63
10
8
20
10
10
20
10
20
10
20
10
40
30
10
10
20
10
10
20
10
10
10
20
30
20
10
20
40
40
40
30
30
40
20
10
40
10
10
60
10
10
20
10
10
20
30
30
30
50
20
10
40
30
30
30
10
20
10
10
10
40
10
40
10
10
10
20
40
10
10
30
40
10
10
20
10
10
20
10
10
20
20
50
5 6 0
4 6 0
3 6 0
3 5 0
3 4 0
3 3 1
4 3 0
5 3 0
6 3 0
7 3 0
8 3 0
9 3 0
9 4 1
9 5 1
9 6 3
8 6 0
7 6 0
6 6 2
6 5 1
6 4 0
6 3 0
6 2 0
6 1 1
7 1 0
8 1 1
8 0 0
7 0 0
6 0 0
5 0 0
4 0 0
3 0 1
3 1 1
2 1 0
1 1 1
1 2 0
1 3 1
1 4 1
1 5 3
0 5 1
0 6 1
0 7 2
1 7 0
2 7 0
3 7 3
3 6 0
2 6 2
2 5 0
2 4 1
3 4 0
4 4 0
