63
10
8
20
10
20
20
20
10
10
20
10
10
10
30
20
40
60
10
20
20
10
30
20
10
40
10
20
10
40
30
30
30
10
10
10
30
10
20
40
10
10
10
10
10
40
10
10
30
30
20
10
40
30
10
30
10
10
20
10
30
20
30
40
52
10
20
10
20
40
30
10
30
20
10
20
10
20
10
20
20
10
20
50
7 5 2
8 5 0
9 5 3
9 4 0
8 4 0
7 4 0
7 3 0
7 2 0
6 2 0
5 2 1
5 3 1
5 4 1
5 5 0
5 6 0
5 7 2
6 7 3
6 6 1
6 5 1
6 4 0
6 3 1
6 2 0
6 1 1
7 1 0
8 1 0
8 2 0
9 2 3
9 1 1
9 0 0
8 0 0
7 0 0
6 0 0
5 0 0
4 0 0
3 0 1
3 1 1
3 2 1
2 2 0
1 2 0
0 2 1
0 3 2
1 3 0
2 3 0
3 3 0
4 3 0
4 4 1
3 4 0
2 4 1
2 5 1
2 6 1
1 6 0
