63
10
8
20
10
10
20
10
20
20
20
10
10
10
30
30
20
20
10
10
20
40
30
10
10
40
20
10
30
40
30
40
10
20
20
20
10
30
30
30
30
30
10
60
30
30
20
30
20
20
10
10
30
10
20
10
20
20
10
20
20
20
20
20
30
30
20
20
10
10
53
40
20
10
20
20
20
10
10
20
10
20
20
45
8 3 3
8 2 1
8 1 1
8 0 0
7 0 1
7 1 3
6 1 0
5 1 0
4 1 0
3 1 0
2 1 1
2 2 0
3 2 0
3 3 0
3 4 0
4 4 0
5 4 0
6 4 0
7 4 0
7 5 0
7 6 0
7 7 3
6 7 0
5 7 0
4 7 0
3 7 2
3 6 0
2 6 1
2 7 3
1 7 0
0 7 2
0 6 1
1 6 3
1 5 0
0 5 2
0 4 1
0 3 1
1 3 0
2 3 0
3 3 0
4 3 0
5 3 3
5 2 0
5 1 0
5 0 0
