65
10
8
20
10
10
20
10
10
10
20
10
20
10
30
30
20
30
10
20
30
20
30
40
40
10
20
10
20
10
30
30
20
10
10
20
30
30
30
30
20
30
20
60
10
20
30
20
30
10
20
10
20
30
20
20
10
10
20
10
40
20
30
10
30
40
10
10
40
10
30
10
20
20
10
20
10
10
10
51
10
10
20
51
9 4 1
9 5 1
9 6 1
9 7 3
8 7 0
7 7 0
6 7 2
6 6 1
6 5 1
6 4 0
5 4 1
5 5 0
5 6 1
5 7 3
4 7 2
4 6 0
4 5 0
3 5 2
3 4 0
3 3 0
3 2 1
3 1 0
2 1 0
1 1 1
1 2 1
1 3 0
1 4 0
1 5 2
2 5 0
2 6 1
2 7 3
1 7 0
0 7 2
0 6 1
0 5 1
0 4 1
0 3 1
1 3 0
2 3 0
3 3 0
4 3 0
5 3 0
6 3 3
6 2 0
6 1 1
7 1 0
7 2 3
6 2 0
5 2 2
5 1 1
5 0 0
