65
10
8
20
20
10
10
20
10
51
20
20
30
40
20
10
30
10
20
20
10
10
10
40
40
10
20
20
20
10
10
10
20
10
10
20
20
20
20
20
30
10
20
10
10
20
20
20
30
20
10
20
30
30
30
10
20
40
10
10
10
10
20
40
30
10
10
20
20
40
10
10
40
10
10
20
20
20
10
20
20
10
60
47
0 6 1
0 7 2
1 7 3
1 6 1
1 5 0
1 4 1
1 3 1
2 3 0
3 3 0
4 3 3
4 2 0
3 2 0
2 2 0
1 2 0
1 1 0
1 0 0
0 0 1
0 1 2
1 1 0
2 1 0
3 1 3
3 0 1
4 0 0
4 1 2
5 1 0
6 1 0
7 1 0
8 1 0
8 2 0
9 2 0
9 3 1
9 4 3
8 4 0
7 4 0
7 3 0
6 3 0
5 3 1
5 4 3
4 4 1
4 5 0
4 6 1
4 7 2
5 7 0
6 7 0
7 7 0
8 7 0
9 7 0
