67
10
8
60
10
10
20
10
10
10
20
10
30
20
30
10
40
20
10
10
40
40
30
20
30
10
20
20
20
20
51
10
30
30
20
20
20
10
30
20
40
40
20
10
30
20
30
20
30
30
10
10
10
20
20
40
10
10
20
10
20
30
30
20
20
10
10
10
30
20
30
30
20
10
10
20
20
20
20
10
10
10
20
51
3 3 1
3 4 1
3 5 0
3 6 0
3 7 2
4 7 3
4 6 0
3 6 0
2 6 0
1 6 2
1 5 1
2 5 0
3 5 0
4 5 1
4 4 1
5 4 3
5 3 0
5 2 1
6 2 0
6 3 2
7 3 0
8 3 0
9 3 0
9 4 1
9 5 1
9 6 1
9 7 3
8 7 0
7 7 0
6 7 2
6 6 1
6 5 1
6 4 1
7 4 3
7 3 0
7 2 0
7 1 1
8 1 0
9 1 3
9 0 0
8 0 0
7 0 0
6 0 0
5 0 0
4 0 1
4 1 3
3 1 2
3 0 0
2 0 0
1 0 0
0 0 0
