66
10
8
20
10
20
10
10
20
20
20
20
30
30
10
30
40
30
20
20
20
20
30
30
20
20
10
10
20
30
10
20
10
20
20
20
20
10
10
10
10
20
20
20
60
10
40
20
10
20
10
10
40
10
10
40
20
10
10
52
20
20
20
10
20
30
20
10
10
10
10
20
30
20
20
20
20
10
10
10
10
20
20
48
7 0 2
8 0 0
9 0 0
9 1 3
8 1 0
7 1 1
7 2 3
6 2 0
5 2 0
4 2 0
3 2 0
2 2 1
2 3 0
2 4 0
2 5 3
1 5 1
1 6 0
1 7 2
2 7 0
3 7 3
3 6 1
4 6 0
4 7 2
5 7 0
6 7 0
7 7 3
7 6 0
7 5 0
6 5 2
6 4 1
7 4 0
8 4 0
8 5 0
8 6 3
7 6 0
6 6 0
5 6 2
5 5 1
5 4 0
4 4 0
3 4 2
3 3 1
3 2 0
3 1 1
4 1 3
4 0 1
5 0 0
5 1 0
