65
10
8
20
10
10
20
20
20
20
20
20
10
40
30
30
30
30
20
20
40
30
30
40
20
30
10
10
20
30
30
10
30
20
10
10
30
40
40
10
30
40
20
10
40
30
30
30
40
20
10
20
20
30
51
20
30
40
10
20
40
20
30
10
30
30
10
20
30
30
30
40
20
30
20
20
10
10
20
60
10
10
20
47
6 3 1
6 4 2
7 4 0
8 4 0
8 5 3
7 5 0
6 5 0
5 5 1
5 6 3
4 6 0
4 5 0
4 4 1
4 3 0
3 3 0
2 3 0
1 3 0
0 3 1
0 4 2
1 4 0
2 4 0
2 5 3
1 5 0
0 5 1
0 6 2
1 6 0
2 6 0
3 6 3
3 5 0
3 4 1
3 3 0
3 2 0
3 1 0
2 1 0
2 0 1
3 0 0
4 0 0
5 0 0
6 0 0
6 1 2
7 1 1
7 0 1
8 0 0
8 1 0
8 2 0
8 3 0
8 4 0
9 4 0
