63
10
8
20
10
10
10
10
20
10
20
10
20
30
10
30
30
30
10
20
30
40
10
30
30
10
10
10
30
10
30
30
10
30
10
10
40
40
30
30
30
10
20
20
30
30
10
20
20
30
20
52
40
10
30
20
30
60
10
20
20
30
20
10
30
40
10
10
30
30
20
20
20
10
20
20
10
20
10
20
20
20
20
51
6 0 2
7 0 0
7 1 3
6 1 1
6 2 1
6 3 0
6 4 3
5 4 2
5 3 1
5 2 0
5 1 0
5 0 0
4 0 0
3 0 0
2 0 1
2 1 0
2 2 0
3 2 0
4 2 0
4 3 0
4 4 0
4 5 0
4 6 1
4 7 3
3 7 0
2 7 0
1 7 0
0 7 2
0 6 1
0 5 1
1 5 0
2 5 0
3 5 0
4 5 0
5 5 0
5 6 0
5 7 2
6 7 0
7 7 0
8 7 3
8 6 1
8 5 1
9 5 3
9 4 0
8 4 2
8 3 0
7 3 1
7 4 1
7 5 0
7 6 1
6 6 0
