64
10
8
20
20
10
20
20
10
10
20
20
30
10
20
30
40
30
10
20
20
20
30
40
30
10
10
10
20
30
30
20
53
40
20
10
30
30
10
20
30
30
10
10
40
30
10
20
10
60
10
10
20
10
30
30
20
30
20
10
30
20
40
40
10
30
10
10
30
30
40
40
40
20
10
20
10
10
10
10
10
10
20
50
3 5 3
3 4 0
2 4 0
2 3 0
2 2 1
3 2 0
4 2 0
5 2 0
6 2 0
7 2 0
7 3 1
6 3 0
5 3 0
4 3 0
3 3 0
2 3 0
1 3 2
1 2 1
1 1 0
1 0 0
0 0 1
0 1 2
1 1 0
2 1 3
2 0 1
3 0 0
4 0 0
5 0 0
6 0 0
7 0 0
8 0 0
9 0 0
9 1 1
9 2 1
9 3 1
9 4 1
9 5 1
9 6 1
9 7 3
8 7 0
7 7 0
6 7 2
6 6 0
6 5 1
7 5 0
8 5 0
8 6 3
7 6 0
6 6 0
5 6 0
