64
10
8
20
20
10
20
10
10
10
60
10
10
10
30
30
30
30
10
10
30
20
30
30
10
20
20
10
30
20
30
20
20
20
50
10
30
30
20
40
10
30
20
10
30
20
20
10
10
10
20
10
20
30
30
20
30
20
10
20
10
30
20
30
30
30
10
10
30
20
30
20
20
10
10
20
10
20
20
10
20
10
20
50
3 7 0
2 7 2
2 6 1
3 6 3
3 5 1
4 5 0
5 5 0
6 5 0
7 5 0
8 5 3
8 4 0
7 4 0
6 4 2
6 3 0
6 2 0
6 1 0
5 1 0
4 1 0
3 1 0
2 1 0
1 1 0
0 1 2
0 0 1
1 0 0
2 0 0
3 0 0
4 0 0
5 0 0
6 0 0
7 0 0
7 1 1
7 2 0
7 3 3
6 3 0
5 3 2
5 2 0
4 2 0
3 2 1
3 3 0
3 4 2
4 4 1
4 3 0
3 3 0
2 3 0
1 3 0
0 3 1
0 4 1
0 5 1
0 6 1
0 7 0
