66
10
8
20
10
20
10
20
10
10
20
10
40
20
30
30
30
20
10
20
30
30
30
20
20
40
10
20
40
20
30
10
30
10
10
20
10
40
40
20
40
20
10
10
52
40
20
20
20
40
20
10
40
10
30
20
20
10
10
20
40
10
20
10
20
20
20
10
20
40
30
30
10
40
20
60
10
10
20
20
20
20
20
44
5 1 2
6 1 0
6 2 1
6 3 0
6 4 3
5 4 2
5 3 0
4 3 0
4 2 0
3 2 2
3 1 0
2 1 0
1 1 1
1 2 3
0 2 2
0 1 1
0 0 1
1 0 0
2 0 0
2 1 0
2 2 0
2 3 0
2 4 2
3 4 0
4 4 0
4 5 0
5 5 0
5 6 0
6 6 0
7 6 0
7 7 2
8 7 3
8 6 1
9 6 3
9 5 0
8 5 0
7 5 2
7 4 1
7 3 1
8 3 0
9 3 3
9 2 1
9 1 1
9 0 0
