66
10
8
20
10
10
10
10
20
10
20
20
30
20
30
20
30
10
10
10
20
30
20
20
10
10
20
10
30
30
10
10
10
30
10
20
10
20
10
30
50
30
10
10
20
20
10
20
30
30
20
10
10
10
10
40
10
40
10
10
30
40
20
30
20
40
10
20
30
40
20
10
20
30
10
20
60
10
20
10
10
20
20
52
4 5 0
3 5 0
2 5 0
1 5 0
0 5 2
0 4 1
0 3 1
0 2 1
0 1 1
0 0 1
1 0 0
1 1 0
1 2 2
2 2 0
3 2 0
4 2 3
4 1 1
4 0 1
5 0 0
6 0 0
7 0 0
8 0 0
8 1 0
8 2 1
7 2 1
7 3 3
6 3 0
5 3 0
4 3 0
3 3 0
2 3 1
2 4 2
3 4 0
4 4 0
5 4 0
5 5 0
5 6 0
5 7 2
6 7 0
7 7 0
8 7 0
9 7 3
9 6 0
8 6 0
7 6 0
7 5 1
8 5 3
8 4 1
8 3 1
9 3 3
9 2 1
9 1 0
