67
10
8
20
10
10
10
20
10
10
20
10
20
10
40
30
40
10
20
10
20
10
20
10
10
30
10
20
30
20
10
10
20
40
10
52
40
20
10
10
60
10
20
10
40
30
20
10
30
20
10
10
40
30
30
30
10
10
20
10
20
10
10
20
20
10
10
10
10
10
20
30
40
40
20
20
10
10
10
10
10
20
20
54
4 0 2
5 0 0
6 0 0
7 0 0
8 0 0
9 0 0
9 1 1
9 2 1
9 3 1
9 4 1
9 5 1
9 6 3
8 6 0
8 5 0
7 5 2
7 4 0
6 4 0
5 4 0
4 4 0
3 4 0
2 4 0
1 4 0
0 4 2
0 3 1
0 2 1
0 1 1
0 0 1
1 0 0
2 0 0
3 0 0
3 1 0
3 2 2
4 2 3
4 1 0
3 1 0
2 1 1
2 2 1
2 3 2
3 3 0
4 3 0
5 3 3
5 2 0
5 1 1
6 1 0
6 2 0
6 3 0
6 4 0
6 5 1
6 6 1
6 7 3
5 7 0
4 7 2
4 6 1
4 5 0
