64
10
8
60
10
20
10
52
20
20
20
20
30
30
30
30
10
10
10
10
40
30
10
20
20
30
20
10
20
30
30
30
10
30
20
20
20
20
10
30
30
10
10
20
30
20
20
40
40
30
20
20
10
10
20
10
30
20
10
20
30
30
10
20
40
10
10
10
30
10
20
30
30
20
20
20
10
20
10
20
20
20
20
47
0 4 2
1 4 0
2 4 0
2 5 3
1 5 0
0 5 1
0 6 2
1 6 0
2 6 0
3 6 0
4 6 0
5 6 0
6 6 3
6 5 0
6 4 1
6 3 0
5 3 2
5 2 1
6 2 0
7 2 0
8 2 0
9 2 0
9 3 1
9 4 3
8 4 0
7 4 1
7 5 1
6 5 0
5 5 1
5 6 0
5 7 3
4 7 0
3 7 2
3 6 0
3 5 1
3 4 0
3 3 0
3 2 0
3 1 1
4 1 0
4 2 3
3 2 0
2 2 0
1 2 0
0 2 2
0 1 1
0 0 0
