66
10
8
20
10
20
20
10
20
20
20
20
20
20
10
20
20
20
20
20
20
20
30
20
10
20
20
10
20
30
30
10
20
40
10
10
20
30
10
30
30
30
20
10
30
30
20
20
20
10
10
20
30
20
30
10
30
30
10
10
10
20
30
20
30
20
10
10
51
10
20
10
30
30
10
20
20
60
10
10
10
10
20
49
8 1 1
8 2 1
8 3 3
7 3 0
6 3 0
5 3 1
5 4 2
6 4 0
7 4 3
7 3 0
7 2 0
6 2 2
6 1 0
6 0 0
5 0 0
4 0 0
3 0 0
2 0 1
2 1 3
1 1 1
1 2 2
2 2 0
2 3 0
2 4 3
1 4 1
1 5 2
2 5 0
3 5 3
3 4 1
3 3 0
3 2 0
3 1 1
4 1 0
4 2 0
4 3 1
4 4 0
4 5 0
4 6 0
4 7 2
5 7 0
6 7 0
7 7 0
8 7 0
9 7 3
9 6 1
9 5 1
9 4 1
9 3 1
9 2 0
