64
10
8
20
10
20
20
20
10
10
20
10
10
30
40
50
60
40
20
20
10
20
30
10
40
10
20
20
20
30
10
20
40
20
10
20
40
30
20
40
10
40
20
20
30
30
40
10
10
40
20
20
40
40
30
40
30
40
10
20
30
30
30
10
20
30
10
20
10
10
20
20
40
40
10
20
20
20
20
20
10
10
20
42
1 4 0
0 4 1
0 5 1
0 6 1
0 7 2
1 7 3
1 6 1
2 6 0
3 6 3
3 5 1
4 5 0
5 5 0
6 5 0
7 5 3
7 4 1
7 3 0
7 2 0
7 1 0
7 0 0
6 0 1
6 1 1
5 1 0
4 1 0
4 0 1
5 0 0
5 1 0
5 2 0
5 3 1
4 3 1
4 4 0
5 4 0
6 4 1
6 3 0
6 2 0
5 2 0
4 2 0
3 2 0
2 2 1
2 3 0
2 4 1
2 5 1
1 5 0
