64
10
8
20
10
10
10
10
20
20
20
10
10
10
20
53
60
40
10
10
10
10
10
20
10
40
10
10
30
20
10
40
10
10
10
10
10
40
10
40
10
20
10
20
10
20
10
30
10
40
20
10
10
10
30
10
10
40
10
20
40
40
10
10
20
40
10
10
40
10
30
40
30
10
10
20
10
20
20
10
20
20
20
50
1 4 3
1 3 1
2 3 0
3 3 0
4 3 0
5 3 0
6 3 0
7 3 0
8 3 0
9 3 0
9 4 1
9 5 3
8 5 0
7 5 1
7 6 0
8 6 0
9 6 0
9 7 3
8 7 0
7 7 0
6 7 0
5 7 2
5 6 0
4 6 2
4 5 1
4 4 1
5 4 0
6 4 0
7 4 0
8 4 1
8 3 0
8 2 1
8 1 0
7 1 1
7 2 1
6 2 0
5 2 2
5 1 1
5 0 0
4 0 0
3 0 0
2 0 0
1 0 0
0 0 1
0 1 1
0 2 1
0 3 1
0 4 1
0 5 2
1 5 0
