63
10
8
20
20
20
10
10
10
10
20
10
20
20
52
10
10
20
10
10
10
10
40
40
10
30
10
20
10
10
60
10
20
10
10
20
40
10
10
40
10
10
10
10
20
10
10
20
20
10
10
20
40
30
10
40
10
20
10
10
10
20
10
30
10
10
10
10
20
10
10
10
40
10
10
20
20
10
10
20
20
10
20
49
1 3 2
2 3 0
2 4 0
3 4 0
4 4 1
4 3 1
4 2 1
4 1 1
5 1 0
5 2 1
5 3 1
5 4 2
6 4 1
6 3 1
6 2 0
6 1 1
7 1 0
8 1 0
8 2 1
8 3 1
8 4 1
8 5 0
9 5 0
9 6 1
9 7 3
8 7 0
7 7 0
6 7 0
5 7 0
4 7 0
3 7 0
2 7 0
1 7 0
0 7 2
0 6 1
0 5 1
0 4 1
0 3 1
0 2 1
1 2 3
1 1 0
0 1 2
0 0 1
1 0 0
2 0 0
3 0 0
3 1 1
3 2 1
3 3 0
