63
10
8
20
20
10
20
10
10
10
20
10
20
20
30
20
30
30
10
20
30
30
30
20
30
10
10
10
40
20
40
10
10
60
10
10
30
10
30
40
30
30
20
50
20
30
30
30
20
20
10
10
40
30
20
10
10
10
20
20
20
40
30
30
30
30
10
20
20
30
30
10
10
20
10
20
20
10
10
20
10
10
20
49
5 0 0
4 0 0
3 0 0
2 0 1
2 1 0
2 2 0
2 3 0
2 4 3
1 4 2
1 3 0
1 2 1
2 2 0
3 2 0
3 3 0
4 3 0
5 3 0
6 3 3
6 2 0
6 1 1
7 1 3
7 0 1
8 0 0
8 1 2
9 1 0
9 2 1
9 3 1
9 4 3
8 4 0
7 4 0
6 4 0
5 4 0
4 4 1
4 5 0
4 6 0
4 7 3
3 7 0
2 7 0
1 7 0
0 7 2
0 6 1
0 5 1
0 4 1
0 3 1
1 3 0
2 3 0
3 3 0
3 4 1
3 5 1
3 6 0
