63
10
8
20
10
10
10
10
10
10
20
10
10
20
20
40
10
10
10
50
30
20
10
20
20
30
10
10
10
10
40
40
30
20
10
20
30
10
10
40
10
10
10
10
10
20
40
40
10
10
10
20
30
30
10
10
30
10
20
20
40
60
10
40
10
10
10
10
10
40
20
10
10
20
20
20
10
20
20
20
20
20
20
48
2 0 0
1 0 0
0 0 1
0 1 1
0 2 1
0 3 1
0 4 1
0 5 1
0 6 1
0 7 2
1 7 0
2 7 0
3 7 0
4 7 0
5 7 0
6 7 3
6 6 1
6 5 0
6 4 1
6 3 1
6 2 0
6 1 0
6 0 0
5 0 0
4 0 1
4 1 0
4 2 1
4 3 1
4 4 1
3 4 0
3 3 0
2 3 0
1 3 1
1 4 0
2 4 0
2 5 2
3 5 0
4 5 0
5 5 0
6 5 0
7 5 0
8 5 0
9 5 3
9 4 0
8 4 0
7 4 0
7 3 1
7 2 0
