67
10
8
20
10
10
10
20
10
10
20
20
20
10
10
10
10
40
20
10
30
40
30
10
40
40
10
10
20
40
10
40
20
30
50
10
20
10
40
10
40
10
10
20
40
10
10
20
20
30
10
20
30
40
10
10
10
40
10
20
10
20
10
40
20
30
20
10
10
10
60
10
40
10
20
20
20
10
10
10
10
10
20
52
3 7 0
2 7 0
1 7 2
1 6 1
2 6 1
2 5 1
3 5 3
3 4 0
2 4 0
1 4 0
0 4 2
0 3 1
0 2 1
0 1 1
0 0 1
1 0 0
1 1 2
2 1 0
3 1 0
3 2 0
4 2 0
5 2 0
6 2 1
6 1 0
6 0 0
5 0 1
5 1 0
6 1 0
7 1 0
8 1 0
9 1 0
9 2 1
9 3 1
9 4 1
9 5 1
9 6 1
9 7 3
8 7 2
8 6 1
8 5 0
7 5 2
7 4 0
6 4 0
5 4 1
5 5 3
4 5 0
4 4 1
4 3 1
5 3 0
6 3 0
7 3 0
8 3 0
