67
10
8
20
20
20
51
20
20
20
20
20
40
30
20
20
10
10
10
20
40
10
10
20
40
30
10
20
40
40
10
40
10
20
20
10
10
30
20
40
10
40
10
20
20
10
30
20
10
20
20
10
30
10
60
30
20
10
10
10
20
20
40
20
10
40
20
10
20
10
30
10
40
40
20
20
20
20
20
10
10
20
20
45
0 3 1
0 4 2
1 4 3
1 3 1
2 3 0
3 3 0
4 3 0
4 4 0
5 4 0
5 5 1
5 6 2
6 6 0
7 6 0
7 7 2
8 7 3
8 6 1
9 6 3
9 5 1
9 4 1
9 3 0
8 3 0
7 3 0
7 2 0
6 2 0
5 2 0
4 2 0
3 2 0
3 1 1
4 1 0
5 1 3
5 0 1
6 0 0
7 0 0
8 0 0
9 0 0
9 1 3
8 1 1
8 2 1
8 3 0
8 4 1
8 5 1
7 5 0
6 5 2
6 4 0
6 3 0
