63
10
8
20
60
10
10
20
10
10
20
10
20
30
10
20
20
10
10
10
40
40
10
20
10
52
10
20
10
10
20
10
10
20
10
10
20
30
40
20
30
10
10
20
10
40
40
10
10
10
20
10
10
20
20
10
20
30
10
10
20
10
10
30
10
10
20
10
10
10
20
10
40
10
20
20
10
10
20
10
20
20
20
48
2 6 2
3 6 3
3 5 1
3 4 1
3 3 1
4 3 1
4 2 0
4 1 0
3 1 0
2 1 1
2 2 0
3 2 0
4 2 0
5 2 1
5 1 1
5 0 1
6 0 0
7 0 0
8 0 0
9 0 0
9 1 1
9 2 1
9 3 3
8 3 1
8 4 1
8 5 1
7 5 0
6 5 2
6 4 1
6 3 0
5 3 1
5 4 1
5 5 1
5 6 1
5 7 3
4 7 0
3 7 0
2 7 0
1 7 0
0 7 2
0 6 1
0 5 1
0 4 1
1 4 3
1 3 1
1 2 0
1 1 0
0 1 0
