64
10
8
20
10
10
10
10
10
10
20
20
20
30
10
20
10
10
10
10
30
10
30
20
10
20
10
10
10
30
20
30
10
20
10
10
30
30
20
30
30
30
20
20
10
20
10
20
10
40
10
20
10
40
20
10
30
10
10
10
20
10
30
10
10
20
52
10
20
20
30
30
60
20
20
20
10
10
20
10
20
10
20
52
7 7 2
8 7 3
8 6 0
7 6 2
7 5 1
7 4 1
7 3 0
7 2 1
7 1 0
6 1 0
5 1 0
4 1 0
3 1 0
2 1 0
1 1 2
1 0 0
0 0 1
0 1 1
0 2 1
0 3 1
0 4 1
0 5 1
0 6 1
0 7 2
1 7 0
2 7 0
3 7 0
4 7 3
4 6 0
4 5 0
4 4 0
4 3 0
3 3 1
3 4 0
3 5 1
3 6 3
2 6 2
2 5 1
2 4 1
3 4 0
4 4 0
5 4 3
5 3 1
5 2 1
6 2 0
6 3 2
7 3 0
8 3 0
9 3 0
9 4 1
9 5 3
8 5 0
