64
10
8
20
20
10
10
10
10
10
20
20
30
60
30
40
10
30
10
20
10
10
20
10
20
20
10
10
10
10
10
20
10
10
20
10
10
20
30
20
10
10
10
20
20
40
20
10
20
10
20
20
10
30
10
20
10
30
10
20
30
10
10
30
10
10
20
20
10
10
10
10
10
20
52
20
10
20
10
10
10
20
20
51
8 7 2
9 7 3
9 6 0
8 6 2
8 5 1
8 4 1
8 3 1
8 2 1
8 1 1
8 0 0
7 0 1
7 1 0
7 2 1
7 3 1
7 4 0
7 5 1
7 6 1
7 7 3
6 7 0
5 7 2
5 6 1
5 5 0
4 5 0
3 5 0
2 5 2
2 4 1
2 3 1
3 3 0
4 3 0
5 3 3
5 2 0
4 2 1
4 3 0
4 4 2
5 4 0
6 4 3
6 3 1
6 2 0
6 1 1
6 0 0
5 0 1
5 1 3
4 1 0
3 1 0
2 1 0
1 1 0
0 1 2
0 0 1
1 0 0
1 1 0
1 2 0
