66
10
8
20
20
20
10
10
10
10
20
10
30
10
20
30
10
20
10
10
40
30
20
40
30
10
10
10
30
30
40
30
30
10
10
10
40
20
20
10
30
30
53
10
20
20
10
20
30
20
10
10
10
30
40
40
30
40
10
20
30
30
30
30
30
30
20
20
10
30
10
10
10
20
10
20
10
10
10
10
60
20
20
54
4 7 3
4 6 0
4 5 0
4 4 1
4 3 1
5 3 0
6 3 0
6 4 1
5 4 1
5 5 0
5 6 3
4 6 0
3 6 0
2 6 0
1 6 2
1 5 1
1 4 0
1 3 1
2 3 3
2 2 0
2 1 0
1 1 0
0 1 2
0 0 1
1 0 0
2 0 0
3 0 0
4 0 0
5 0 0
6 0 0
7 0 0
7 1 0
7 2 0
7 3 0
7 4 0
7 5 0
7 6 0
7 7 2
8 7 0
9 7 3
9 6 0
8 6 2
8 5 1
8 4 1
8 3 1
8 2 0
8 1 1
8 0 1
9 0 0
9 1 1
9 2 1
9 3 1
9 4 1
9 5 0
