64
10
8
20
10
20
20
20
20
20
20
10
20
10
10
10
20
10
10
10
20
20
20
10
20
20
20
20
10
20
10
20
40
30
10
10
20
10
20
10
10
10
20
20
10
10
10
30
10
30
20
20
30
20
20
52
20
30
10
20
20
20
10
10
20
20
20
20
30
10
20
20
30
40
10
60
10
20
10
20
20
20
20
44
6 4 2
7 4 0
8 4 0
8 5 0
8 6 0
9 6 0
9 7 3
8 7 0
7 7 2
7 6 0
6 6 0
5 6 0
4 6 0
3 6 0
2 6 2
2 5 1
3 5 1
3 4 0
2 4 0
1 4 0
0 4 2
0 3 1
1 3 0
2 3 3
2 2 0
1 2 0
0 2 2
0 1 1
0 0 1
1 0 0
2 0 0
3 0 0
3 1 1
3 2 2
4 2 0
5 2 0
6 2 0
6 3 2
7 3 0
8 3 3
8 2 1
8 1 0
8 0 1
9 0 0
