63
10
8
20
20
10
10
20
10
20
20
10
10
20
30
10
20
10
10
10
10
30
10
30
20
10
20
10
30
40
30
30
40
40
10
20
10
10
10
30
10
40
10
10
10
20
30
30
40
10
50
10
30
40
20
10
10
20
10
20
20
30
20
40
30
30
10
10
20
40
10
20
30
10
10
20
60
10
10
20
20
20
20
49
5 7 0
4 7 0
3 7 0
2 7 2
2 6 1
2 5 1
3 5 1
3 4 0
3 3 0
3 2 1
4 2 0
5 2 0
5 3 0
5 4 0
5 5 0
6 5 0
7 5 0
8 5 0
9 5 3
9 4 0
8 4 2
8 3 1
8 2 0
7 2 0
6 2 1
6 3 2
7 3 0
7 4 1
6 4 0
5 4 0
4 4 0
3 4 0
2 4 0
1 4 0
0 4 2
0 3 1
0 2 1
0 1 1
1 1 0
2 1 0
3 1 0
4 1 0
5 1 0
6 1 0
7 1 3
7 0 1
8 0 0
9 0 0
9 1 0
