64
10
8
60
10
10
20
10
20
10
20
10
30
30
20
20
40
30
20
20
20
30
30
30
40
20
20
10
40
40
30
40
30
30
20
20
20
30
10
40
20
40
10
20
10
20
10
30
40
10
20
20
40
30
30
30
30
30
20
20
40
30
10
40
40
20
20
10
20
30
30
40
10
30
10
20
20
10
20
53
10
20
20
44
9 4 3
9 3 0
8 3 0
7 3 0
6 3 0
5 3 0
4 3 0
3 3 0
2 3 0
1 3 1
1 4 2
2 4 0
3 4 0
3 5 0
3 6 0
3 7 2
4 7 0
5 7 3
5 6 1
5 5 1
6 5 0
7 5 1
7 4 1
8 4 1
8 3 0
8 2 0
8 1 1
9 1 3
9 0 0
8 0 0
7 0 1
7 1 1
6 1 0
6 0 0
5 0 1
5 1 1
5 2 3
4 2 0
3 2 0
3 1 0
2 1 2
2 0 0
1 0 0
0 0 0
