64
10
8
20
20
10
20
20
10
20
20
10
10
10
40
20
10
20
20
20
10
10
40
10
20
10
20
20
10
40
40
10
10
40
20
20
10
40
40
10
40
20
10
20
10
10
10
20
20
20
10
10
40
20
20
10
10
10
20
20
40
10
10
40
20
40
10
20
30
10
52
10
20
10
20
20
60
20
20
10
20
10
20
42
8 3 2
9 3 0
9 4 1
9 5 3
8 5 1
8 6 1
8 7 3
7 7 0
6 7 2
6 6 1
6 5 1
6 4 1
6 3 0
5 3 0
4 3 1
4 4 1
4 5 1
3 5 0
2 5 1
2 6 1
2 7 3
1 7 2
1 6 0
0 6 2
0 5 1
0 4 1
1 4 3
1 3 0
0 3 2
0 2 1
0 1 1
1 1 0
2 1 0
3 1 0
4 1 0
5 1 0
6 1 0
6 2 2
7 2 0
8 2 0
9 2 3
9 1 0
