64
10
8
20
10
10
10
20
10
10
20
10
20
20
10
10
60
10
10
20
30
20
10
30
10
10
20
20
10
20
20
10
10
30
20
10
20
10
20
20
20
10
10
20
10
20
20
10
10
20
10
10
10
51
10
10
20
20
20
20
10
30
40
10
10
10
10
20
10
10
10
10
20
10
10
20
10
10
10
10
10
10
20
51
6 2 1
6 3 1
6 4 1
6 5 2
7 5 0
8 5 3
8 4 1
8 3 1
8 2 1
8 1 1
8 0 1
9 0 0
9 1 1
9 2 1
9 3 1
9 4 1
9 5 1
9 6 1
9 7 3
8 7 0
7 7 0
6 7 2
6 6 0
5 6 2
5 5 1
5 4 1
5 3 0
4 3 2
4 2 1
4 1 0
3 1 0
2 1 0
1 1 1
1 2 2
2 2 3
2 1 0
2 0 0
1 0 0
0 0 1
0 1 1
0 2 1
0 3 1
0 4 2
1 4 0
2 4 0
3 4 0
4 4 0
4 5 3
3 5 0
2 5 0
1 5 0
