67
10
8
20
10
10
10
10
20
20
20
10
30
30
20
30
40
30
10
10
30
20
30
30
30
30
20
10
40
30
30
30
30
40
10
10
30
50
10
40
40
10
10
10
10
30
20
40
10
30
10
20
30
30
30
20
30
40
10
20
30
40
40
20
30
20
10
20
30
30
20
10
40
30
10
20
10
10
20
10
60
20
20
55
4 2 0
3 2 0
2 2 1
2 3 0
2 4 0
2 5 0
2 6 0
2 7 2
3 7 0
4 7 0
5 7 0
6 7 0
7 7 0
8 7 0
9 7 3
9 6 0
8 6 0
7 6 2
7 5 0
7 4 0
6 4 2
6 3 0
6 2 0
6 1 0
6 0 0
5 0 0
4 0 0
3 0 0
2 0 0
1 0 0
0 0 1
0 1 1
0 2 1
0 3 1
0 4 1
0 5 2
1 5 1
1 4 0
1 3 1
2 3 0
3 3 0
4 3 0
5 3 0
5 4 1
4 4 1
4 5 0
5 5 0
6 5 0
7 5 0
8 5 1
8 4 1
8 3 1
9 3 0
9 4 1
9 5 0
