65
10
8
20
10
20
10
20
20
20
20
20
20
20
40
10
40
30
20
10
20
30
10
30
10
10
10
20
40
20
30
10
20
20
10
10
10
20
30
30
20
30
10
10
10
40
30
30
40
10
10
20
30
53
40
10
30
60
10
20
10
20
40
30
40
10
20
20
30
30
30
40
10
10
20
20
10
20
10
10
10
10
20
49
6 2 3
6 1 0
6 0 1
7 0 0
7 1 1
7 2 2
8 2 0
9 2 3
9 1 1
9 0 0
8 0 1
8 1 0
8 2 0
8 3 0
8 4 1
7 4 0
6 4 0
5 4 0
4 4 0
3 4 0
2 4 0
1 4 0
0 4 1
0 5 2
1 5 0
1 6 0
1 7 2
2 7 0
3 7 0
4 7 0
5 7 0
6 7 0
7 7 3
7 6 1
7 5 0
6 5 0
5 5 0
5 4 0
5 3 0
5 2 0
4 2 1
4 3 0
4 4 0
4 5 3
3 5 1
3 6 2
4 6 0
5 6 0
6 6 0
