66
10
8
20
20
20
20
10
20
10
20
20
30
30
20
10
10
20
10
10
40
10
20
10
30
20
10
10
20
10
10
10
20
10
20
10
20
40
10
20
20
20
10
52
40
40
20
10
20
20
10
10
20
10
20
10
20
20
20
20
10
20
20
40
10
20
20
60
20
20
20
30
10
10
20
20
10
20
10
10
10
10
20
46
5 0 2
6 0 0
7 0 0
7 1 1
7 2 3
6 2 0
5 2 1
5 3 3
4 3 0
3 3 0
2 3 2
2 2 1
2 1 0
1 1 0
0 1 2
0 0 1
1 0 0
1 1 0
1 2 0
1 3 3
0 3 1
0 4 1
0 5 2
1 5 0
2 5 0
3 5 0
3 6 1
3 7 2
4 7 0
5 7 0
6 7 3
6 6 0
5 6 2
5 5 0
4 5 2
4 4 1
5 4 0
6 4 0
7 4 1
7 3 1
8 3 3
8 2 1
9 2 3
9 1 1
9 0 0
8 0 0
