66
10
8
20
10
20
60
10
10
20
20
10
40
10
20
40
30
10
20
10
30
20
30
10
40
40
20
50
40
30
20
10
10
40
10
10
40
40
10
40
40
40
10
20
10
10
20
10
10
30
20
20
10
10
30
40
40
20
20
20
40
40
20
30
10
30
10
20
40
20
40
40
30
30
20
20
20
10
10
20
20
10
20
45
3 0 0
2 0 0
1 0 0
0 0 1
0 1 1
0 2 2
1 2 0
2 2 0
2 3 0
2 4 1
2 5 0
3 5 0
4 5 0
4 6 0
5 6 0
6 6 0
6 7 2
7 7 0
8 7 3
8 6 0
8 5 0
8 4 1
9 4 3
9 3 1
9 2 1
9 1 0
8 1 1
8 2 3
7 2 1
7 3 3
6 3 0
5 3 1
5 4 1
5 5 1
5 6 0
5 7 3
4 7 0
3 7 0
2 7 2
2 6 0
1 6 0
0 6 2
0 5 1
0 4 1
0 3 0
