66
10
8
60
10
10
20
10
20
10
20
10
40
10
20
10
40
40
10
20
30
30
10
10
30
10
20
20
30
20
10
40
20
20
10
20
30
30
30
40
10
40
10
10
40
30
30
20
30
10
20
10
40
20
20
10
30
30
20
10
10
30
30
30
30
20
52
10
30
10
30
20
30
30
10
20
10
10
20
10
20
10
20
53
7 7 2
8 7 0
9 7 3
9 6 1
9 5 0
8 5 0
7 5 0
6 5 0
5 5 0
4 5 0
3 5 2
3 4 1
4 4 1
4 3 0
4 2 0
4 1 0
4 0 1
5 0 0
6 0 0
7 0 0
8 0 0
9 0 0
9 1 1
9 2 1
9 3 3
8 3 0
7 3 0
6 3 2
6 2 0
5 2 0
4 2 0
3 2 2
3 1 0
3 0 0
2 0 1
2 1 0
2 2 0
2 3 1
2 4 1
2 5 0
2 6 1
2 7 3
1 7 0
0 7 2
0 6 1
0 5 1
1 5 1
1 4 1
1 3 0
0 3 2
0 2 1
0 1 1
0 0 0
