63
10
8
20
20
10
20
10
20
10
20
10
40
10
30
30
30
20
20
20
20
30
10
10
30
20
20
20
40
20
10
40
30
40
20
20
30
10
30
30
30
40
20
20
20
40
10
20
30
40
10
20
10
52
40
10
30
20
20
20
40
10
30
60
20
10
20
10
10
40
40
30
20
10
10
20
20
20
10
10
10
10
20
44
6 2 2
7 2 0
8 2 0
8 3 1
7 3 0
6 3 1
6 4 1
6 5 0
6 6 3
5 6 0
5 5 0
5 4 0
4 4 0
3 4 1
3 5 0
3 6 0
4 6 1
4 5 0
4 4 0
4 3 0
4 2 1
4 1 0
4 0 0
3 0 1
3 1 1
2 1 1
2 2 0
2 3 1
2 4 1
2 5 0
2 6 3
1 6 1
1 7 3
0 7 2
0 6 1
0 5 1
1 5 0
2 5 0
3 5 0
4 5 0
5 5 0
6 5 0
7 5 3
7 4 0
