63
10
8
20
10
10
10
10
10
10
20
20
20
20
10
10
30
40
10
20
20
20
20
20
20
40
60
10
20
10
30
10
10
10
20
20
20
20
30
50
20
10
10
10
20
20
30
40
30
10
10
20
20
30
20
10
10
10
20
20
10
10
10
20
30
20
10
20
10
20
10
10
20
10
20
20
10
10
10
10
20
10
20
46
4 4 0
3 4 0
2 4 2
2 3 1
3 3 0
4 3 0
5 3 0
6 3 0
6 4 1
6 5 1
6 6 1
6 7 2
7 7 0
8 7 3
8 6 1
8 5 1
9 5 3
9 4 1
9 3 1
9 2 1
9 1 1
9 0 0
8 0 1
8 1 1
8 2 3
7 2 0
6 2 0
5 2 2
5 1 0
4 1 1
4 2 3
3 2 0
2 2 2
2 1 0
1 1 2
1 0 0
0 0 1
0 1 1
0 2 1
0 3 1
0 4 1
0 5 1
0 6 1
0 7 2
1 7 0
2 7 0
