66
10
8
20
20
20
20
20
20
60
20
10
10
30
20
20
10
10
20
20
20
10
10
10
10
20
10
20
20
20
30
20
30
30
20
52
20
30
20
20
20
10
10
20
10
10
30
30
40
20
10
10
20
30
30
20
10
30
10
20
10
10
20
40
10
40
20
10
40
40
40
20
30
10
10
20
10
20
20
10
10
20
20
47
4 0 2
5 0 0
5 1 1
5 2 1
5 3 0
5 4 0
5 5 1
4 5 2
4 4 1
5 4 0
6 4 3
6 3 0
6 2 0
6 1 1
7 1 0
8 1 0
8 2 0
9 2 0
9 3 3
8 3 1
8 4 3
7 4 0
7 3 0
6 3 0
5 3 0
4 3 2
4 2 0
4 1 0
3 1 2
3 0 0
2 0 1
2 1 3
1 1 0
0 1 1
0 2 2
1 2 0
2 2 0
3 2 0
3 3 0
3 4 3
2 4 0
1 4 1
1 5 1
1 6 1
1 7 3
0 7 2
0 6 0
