64
10
8
60
20
20
20
20
10
20
20
20
10
20
40
30
30
30
20
10
20
52
30
20
10
10
10
20
10
20
30
10
20
10
20
10
20
40
10
20
10
40
10
20
20
30
30
10
20
40
10
20
10
10
20
30
20
20
10
20
30
10
20
20
10
30
20
20
10
10
10
10
20
20
10
20
20
10
10
10
20
20
20
45
2 2 2
3 2 3
3 1 1
3 0 1
4 0 0
5 0 0
5 1 2
6 1 0
7 1 0
8 1 0
9 1 0
9 2 1
9 3 1
9 4 1
9 5 3
8 5 1
8 6 2
9 6 0
9 7 3
8 7 0
7 7 2
7 6 0
7 5 1
7 4 0
6 4 0
5 4 0
4 4 1
4 5 1
4 6 1
3 6 0
2 6 0
1 6 0
0 6 1
0 7 2
1 7 3
1 6 0
1 5 0
1 4 0
1 3 0
0 3 2
0 2 1
1 2 3
1 1 1
1 0 0
0 0 0
