63
10
8
20
10
60
10
10
10
10
20
20
20
10
10
53
20
40
20
10
40
30
10
40
40
40
10
20
20
30
40
30
10
30
20
20
40
40
40
10
20
10
20
10
10
20
20
20
40
10
10
10
30
40
10
30
30
10
10
20
10
30
30
10
40
30
10
20
10
10
20
40
30
10
10
20
10
10
20
10
20
10
20
46
1 4 3
1 3 1
1 2 1
1 1 1
2 1 0
2 2 0
2 3 1
2 4 0
3 4 0
4 4 0
5 4 3
5 3 1
6 3 0
7 3 0
8 3 3
8 2 1
8 1 1
8 0 0
7 0 1
7 1 1
7 2 0
7 3 0
7 4 1
7 5 0
8 5 0
9 5 0
9 6 1
9 7 3
8 7 0
7 7 0
6 7 0
5 7 0
4 7 2
4 6 1
4 5 0
3 5 0
2 5 1
2 6 1
1 6 1
1 7 3
0 7 2
0 6 1
0 5 1
0 4 1
0 3 1
0 2 0
