63
10
8
60
20
10
10
10
20
10
20
20
10
10
20
10
10
20
20
20
20
40
10
20
10
10
10
10
10
20
10
10
20
30
10
20
20
10
10
10
53
20
20
20
30
10
10
40
10
20
20
10
40
10
10
20
10
10
10
20
10
20
10
40
20
20
20
10
40
20
10
40
20
10
10
20
20
20
10
20
10
10
20
44
4 5 3
4 4 1
4 3 1
4 2 1
4 1 1
5 1 0
6 1 0
6 2 1
6 3 1
6 4 2
7 4 0
7 5 2
8 5 3
8 4 1
9 4 0
9 5 1
9 6 1
9 7 3
8 7 0
7 7 2
7 6 0
6 6 0
5 6 1
5 7 3
4 7 2
4 6 0
3 6 0
2 6 0
1 6 1
1 7 3
0 7 2
0 6 1
0 5 1
1 5 0
2 5 0
3 5 3
3 4 1
3 3 1
3 2 0
2 2 0
2 1 0
1 1 0
0 1 2
0 0 0
