63
10
8
20
20
20
20
20
20
20
20
10
20
20
40
10
30
10
20
10
20
10
30
10
20
10
20
10
10
40
10
40
10
30
10
10
20
30
20
20
20
30
20
10
20
30
52
20
20
10
20
20
20
10
10
10
60
20
20
20
10
20
20
10
10
10
20
20
30
30
20
20
10
10
20
20
20
10
10
20
10
10
20
44
5 3 2
6 3 0
7 3 0
7 4 1
7 5 1
7 6 1
7 7 2
8 7 3
8 6 1
8 5 1
8 4 1
9 4 3
9 3 1
9 2 1
9 1 0
8 1 0
7 1 0
6 1 2
6 0 0
5 0 0
4 0 0
3 0 0
2 0 0
1 0 0
0 0 1
0 1 2
1 1 0
1 2 3
0 2 1
0 3 2
1 3 0
1 4 1
1 5 0
1 6 1
1 7 2
2 7 3
2 6 1
2 5 1
3 5 0
4 5 3
4 4 1
5 4 0
5 5 2
6 5 0
