66
10
8
20
20
10
10
20
20
10
20
10
20
20
30
10
10
40
20
10
10
20
20
40
10
40
20
20
60
20
20
20
10
20
20
20
10
10
40
20
20
10
10
10
20
20
10
10
40
10
10
10
20
10
10
10
10
20
20
50
10
20
10
10
40
20
10
20
40
20
40
20
20
20
10
20
10
10
20
20
20
20
20
44
7 0 0
6 0 0
5 0 0
4 0 1
4 1 1
4 2 1
4 3 0
5 3 0
6 3 0
7 3 0
8 3 0
8 4 2
9 4 0
9 5 3
8 5 1
8 6 2
9 6 0
9 7 3
8 7 0
7 7 0
6 7 2
6 6 0
5 6 0
4 6 0
3 6 1
3 7 3
2 7 2
2 6 0
1 6 1
1 7 3
0 7 2
0 6 1
0 5 1
1 5 0
2 5 0
3 5 0
4 5 3
4 4 0
3 4 2
3 3 0
2 3 2
2 2 1
3 2 3
3 1 0
