64
10
8
20
10
10
10
20
10
20
20
20
20
10
30
30
30
30
20
20
10
30
30
10
30
20
20
10
10
20
30
30
20
10
10
10
30
20
30
30
30
10
20
20
10
10
30
30
10
30
10
20
30
30
60
30
30
10
10
10
20
30
30
30
20
40
10
20
30
30
10
40
40
40
10
20
20
10
10
10
20
20
50
52
9 7 0
8 7 0
7 7 0
6 7 0
5 7 0
4 7 2
4 6 1
4 5 0
4 4 0
4 3 0
4 2 0
3 2 1
3 3 0
3 4 0
3 5 2
4 5 0
5 5 0
6 5 0
7 5 3
7 4 0
7 3 0
7 2 0
7 1 0
6 1 0
5 1 0
4 1 0
3 1 0
2 1 0
1 1 2
1 0 0
0 0 1
0 1 1
0 2 1
0 3 1
0 4 2
1 4 0
2 4 0
3 4 0
4 4 0
5 4 0
6 4 0
7 4 0
8 4 1
8 3 1
8 2 0
8 1 0
8 0 0
7 0 0
6 0 1
6 1 0
6 2 0
6 3 0
