63
10
8
20
10
20
10
10
10
10
20
10
10
40
10
40
20
20
10
20
10
10
10
20
10
10
50
10
10
10
20
10
10
40
20
10
40
40
10
40
40
40
10
20
10
10
10
20
20
10
10
10
60
40
10
40
10
10
10
20
10
10
10
10
30
20
10
20
40
10
10
10
40
10
20
20
10
10
10
10
20
10
20
49
2 7 0
1 7 0
0 7 2
0 6 1
0 5 1
0 4 1
0 3 1
0 2 1
1 2 0
1 3 1
1 4 0
2 4 3
2 3 1
2 2 1
2 1 1
2 0 1
3 0 0
4 0 0
5 0 0
5 1 1
5 2 1
5 3 1
5 4 3
4 4 1
4 5 1
3 5 0
2 5 0
1 5 1
1 6 2
2 6 0
3 6 0
3 7 2
4 7 0
5 7 0
6 7 0
7 7 0
8 7 3
8 6 1
8 5 1
9 5 3
9 4 1
9 3 1
9 2 1
9 1 1
9 0 0
8 0 1
8 1 1
7 1 0
6 1 0
