64
10
8
20
10
20
20
10
10
52
20
10
20
10
20
30
30
10
10
10
40
10
40
10
10
30
10
10
40
20
40
30
20
10
10
20
20
10
10
30
20
10
60
20
20
30
10
30
20
30
10
10
20
30
10
30
20
20
10
10
40
20
40
30
30
30
20
10
30
20
20
20
20
30
10
20
20
10
20
20
20
20
20
48
0 6 2
1 6 0
2 6 0
3 6 0
4 6 0
5 6 0
6 6 3
6 5 1
7 5 0
8 5 3
8 4 1
9 4 3
9 3 0
8 3 2
8 2 0
7 2 2
7 1 1
8 1 0
9 1 3
9 0 0
8 0 0
7 0 0
6 0 0
5 0 1
5 1 3
4 1 2
4 0 0
3 0 0
2 0 0
1 0 0
0 0 1
0 1 1
0 2 2
1 2 0
2 2 0
3 2 0
3 3 0
4 3 0
5 3 0
6 3 0
7 3 0
7 4 0
7 5 0
7 6 0
7 7 3
6 7 0
5 7 0
4 7 0
