63
10
8
20
10
10
20
60
10
10
20
10
20
10
10
30
40
40
20
20
30
20
30
30
40
30
20
10
40
10
10
30
30
20
10
10
20
40
10
10
40
40
20
20
20
10
53
40
30
30
10
10
40
20
10
20
30
10
20
20
30
10
30
20
10
40
20
10
40
10
20
30
40
40
10
20
20
20
10
10
20
20
20
45
5 3 3
5 2 1
5 1 1
6 1 0
6 2 2
7 2 0
8 2 0
9 2 0
9 3 1
9 4 1
9 5 3
8 5 1
8 6 0
9 6 0
9 7 3
8 7 0
7 7 2
7 6 0
6 6 0
5 6 0
4 6 1
4 7 3
3 7 0
2 7 2
2 6 0
2 5 0
1 5 0
1 4 0
1 3 1
1 2 1
1 1 1
2 1 0
3 1 0
3 2 1
3 3 1
3 4 0
3 5 0
3 6 3
2 6 0
1 6 1
1 7 3
0 7 2
0 6 1
0 5 1
0 4 0
