64
10
8
20
20
20
10
20
20
10
20
10
20
40
10
40
20
30
10
10
20
10
10
20
10
30
20
10
30
20
20
30
20
20
10
10
30
10
20
30
10
20
20
20
10
20
30
20
10
30
20
10
20
30
60
40
10
10
20
10
20
10
10
20
20
10
20
10
30
10
10
20
10
10
10
20
10
53
10
20
20
10
20
47
9 2 3
9 1 1
9 0 0
8 0 0
7 0 0
6 0 0
5 0 1
5 1 1
5 2 3
4 2 0
3 2 1
3 3 2
4 3 0
4 4 0
4 5 1
4 6 3
3 6 2
3 5 0
2 5 0
1 5 2
1 4 0
0 4 2
0 3 1
0 2 1
1 2 1
1 1 1
2 1 0
2 2 1
2 3 1
2 4 2
3 4 0
4 4 0
5 4 0
5 5 1
5 6 0
5 7 2
6 7 3
6 6 1
6 5 1
6 4 1
7 4 3
7 3 1
7 2 1
7 1 0
6 1 1
6 2 0
6 3 0
