67
10
8
20
20
10
10
20
20
51
20
10
30
10
30
20
30
20
20
20
60
40
30
30
10
40
10
10
10
20
20
40
20
30
10
10
40
40
40
30
30
30
20
20
30
10
20
20
20
20
20
20
40
10
30
20
30
30
20
10
30
30
40
20
30
30
20
10
30
10
20
20
20
40
20
20
20
10
20
20
20
20
20
46
0 6 1
0 7 2
1 7 3
1 6 1
2 6 1
2 5 1
2 4 0
2 3 0
2 2 1
3 2 0
3 3 2
4 3 0
4 4 0
4 5 0
4 6 0
4 7 2
5 7 3
5 6 1
6 6 0
7 6 0
8 6 1
8 5 1
9 5 3
9 4 0
8 4 2
8 3 1
9 3 3
9 2 1
9 1 0
8 1 0
7 1 0
6 1 1
6 2 1
6 3 0
6 4 2
7 4 3
7 3 0
6 3 0
5 3 2
5 2 1
5 1 0
5 0 0
4 0 0
3 0 0
2 0 1
2 1 0
