66
10
8
20
20
10
20
10
10
10
20
20
20
20
30
10
30
10
10
10
30
40
51
30
30
40
10
10
10
40
30
30
20
10
60
20
30
40
10
30
30
10
10
10
30
40
30
10
30
20
10
10
30
10
20
20
20
40
10
20
20
30
30
40
30
10
10
10
10
20
20
10
30
30
10
20
20
20
10
10
10
20
20
52
2 3 1
2 4 0
2 5 0
2 6 0
3 6 0
4 6 0
5 6 3
5 5 0
5 4 1
5 3 0
5 2 1
6 2 0
7 2 0
8 2 0
8 3 3
7 3 0
6 3 1
6 4 2
7 4 1
7 3 0
7 2 0
7 1 0
6 1 0
5 1 0
4 1 0
3 1 0
2 1 0
1 1 2
1 0 1
2 0 0
3 0 0
4 0 0
4 1 0
4 2 1
3 2 1
3 3 0
3 4 0
3 5 2
4 5 0
5 5 0
6 5 0
6 6 0
7 6 0
8 6 0
9 6 0
9 7 3
8 7 0
7 7 0
6 7 0
5 7 0
4 7 0
3 7 0
