63
10
8
60
10
10
20
20
20
20
20
20
20
30
30
20
30
20
10
20
10
10
30
30
30
30
20
10
10
20
40
30
30
30
10
10
10
30
20
20
10
20
50
20
20
10
20
20
10
20
10
20
10
20
20
20
10
20
10
20
20
20
40
20
20
40
20
10
20
20
40
30
30
10
20
20
10
10
10
10
20
10
20
44
4 7 0
3 7 0
2 7 2
2 6 0
2 5 0
2 4 0
2 3 0
2 2 1
2 1 1
2 0 1
3 0 0
4 0 0
5 0 0
5 1 2
6 1 0
7 1 3
7 0 1
8 0 0
9 0 0
9 1 1
9 2 1
9 3 1
9 4 1
9 5 3
8 5 0
7 5 1
7 6 1
6 6 2
6 5 1
6 4 0
5 4 2
5 3 1
6 3 3
6 2 0
5 2 0
4 2 0
3 2 1
3 3 1
2 3 0
1 3 0
0 3 2
0 2 1
0 1 1
0 0 0
