63
10
8
20
20
10
20
20
10
20
20
20
10
30
40
30
10
30
20
10
20
30
30
20
30
30
10
20
20
40
20
40
20
40
10
20
20
30
10
40
20
20
20
10
30
20
30
20
20
20
20
51
10
20
40
40
30
30
10
60
20
10
30
20
30
30
20
10
10
20
30
40
40
40
10
20
20
20
10
10
10
20
20
42
6 0 1
6 1 1
6 2 3
5 2 1
5 3 0
5 4 3
4 4 1
4 5 2
5 5 0
5 6 3
4 6 1
4 7 3
3 7 0
2 7 0
1 7 2
1 6 0
1 5 1
1 4 0
1 3 0
0 3 2
0 2 1
0 1 1
1 1 0
2 1 0
2 2 0
2 3 0
2 4 2
3 4 1
3 3 1
4 3 0
5 3 0
6 3 0
6 4 0
7 4 3
7 3 0
7 2 1
7 1 1
8 1 0
9 1 3
9 0 0
8 0 0
7 0 0
