64
10
8
20
10
10
10
10
10
20
20
10
10
10
40
40
20
30
20
20
10
30
40
40
20
40
10
20
20
20
20
20
10
20
10
20
30
10
10
30
20
20
10
20
30
30
30
30
10
10
10
10
20
20
10
10
20
40
10
20
10
10
30
10
40
20
10
51
10
40
60
10
10
10
10
20
20
10
10
20
20
20
20
48
8 0 1
8 1 1
8 2 1
7 2 0
6 2 2
6 1 0
5 1 0
4 1 0
3 1 2
3 0 0
2 0 1
2 1 1
2 2 0
2 3 1
1 3 1
1 4 0
2 4 0
2 5 3
1 5 1
1 6 0
1 7 2
2 7 0
3 7 0
4 7 0
5 7 0
6 7 0
7 7 0
8 7 0
9 7 3
9 6 0
8 6 0
7 6 2
7 5 1
8 5 0
9 5 3
9 4 0
8 4 0
7 4 0
6 4 0
5 4 0
4 4 0
3 4 2
3 3 1
4 3 0
5 3 0
6 3 0
7 3 0
8 3 0
