65
10
8
20
20
20
20
10
10
20
20
10
10
40
20
30
30
10
20
10
30
20
10
30
30
20
10
20
30
20
30
30
40
10
10
10
40
30
40
40
30
30
20
10
10
30
30
40
20
20
10
20
40
30
30
30
30
30
20
10
60
51
30
40
10
40
20
20
40
20
20
30
30
30
20
20
10
10
10
10
10
10
20
50
7 2 1
7 3 0
7 4 1
6 4 0
5 4 1
5 5 3
4 5 0
3 5 0
3 4 0
3 3 0
3 2 0
2 2 1
2 3 1
2 4 0
2 5 0
2 6 3
1 6 0
0 6 2
0 5 1
0 4 1
0 3 1
1 3 3
1 2 0
0 2 2
0 1 1
1 1 0
2 1 0
3 1 0
4 1 0
4 2 0
4 3 0
5 3 0
6 3 0
7 3 0
8 3 0
8 4 0
8 5 0
8 6 0
8 7 2
9 7 3
9 6 1
9 5 1
9 4 1
9 3 1
9 2 1
9 1 1
9 0 0
8 0 1
8 1 1
7 1 0
