65
10
8
20
10
20
10
20
20
20
20
10
30
10
60
40
30
10
10
20
10
30
10
30
30
20
20
10
20
10
20
30
30
30
10
10
20
10
30
10
30
20
20
10
10
30
10
10
30
40
10
10
30
20
10
30
30
20
10
10
20
10
20
20
30
40
10
20
20
20
30
40
30
30
20
20
53
10
20
20
10
10
20
51
9 1 3
9 0 0
8 0 1
8 1 3
7 1 1
7 2 1
7 3 2
8 3 0
9 3 0
9 4 3
8 4 1
8 5 0
8 6 0
8 7 3
7 7 0
6 7 0
5 7 0
4 7 2
4 6 0
3 6 0
2 6 2
2 5 0
2 4 0
2 3 1
2 2 0
2 1 1
2 0 0
1 0 0
0 0 1
0 1 1
0 2 2
1 2 0
2 2 0
3 2 0
4 2 0
5 2 0
6 2 0
6 3 1
6 4 0
6 5 0
6 6 2
7 6 1
7 5 0
7 4 0
6 4 0
5 4 0
4 4 0
3 4 0
2 4 0
1 4 0
1 3 0
