65
10
8
60
20
20
10
10
10
10
20
10
20
10
10
30
10
20
20
20
10
10
20
10
30
20
20
10
10
10
40
20
10
20
20
20
20
20
10
10
40
40
20
10
10
30
20
30
30
30
20
20
20
50
20
30
30
10
20
10
10
20
10
30
20
10
10
20
30
30
20
20
20
20
10
20
20
20
10
10
20
20
20
47
6 2 0
5 2 0
4 2 1
4 3 1
4 4 1
4 5 0
5 5 0
6 5 0
7 5 3
7 4 0
7 3 1
7 2 1
8 2 0
9 2 0
9 3 1
9 4 1
9 5 3
8 5 1
8 6 2
9 6 0
9 7 3
8 7 0
7 7 0
6 7 2
6 6 1
6 5 0
6 4 0
6 3 0
5 3 1
5 4 0
5 5 0
5 6 0
5 7 3
4 7 2
4 6 0
3 6 1
3 7 3
2 7 2
2 6 0
1 6 2
1 5 1
1 4 0
1 3 1
1 2 1
1 1 0
0 1 2
0 0 0
