63
10
8
20
20
10
60
10
10
20
20
20
30
10
10
20
10
30
20
10
20
10
20
10
30
10
10
20
20
20
20
20
10
30
20
10
10
20
10
10
20
20
10
20
30
51
30
10
30
10
20
10
10
30
20
20
10
30
10
20
30
30
30
10
30
20
10
10
10
30
10
10
10
20
10
20
20
10
20
20
20
20
20
49
5 2 1
5 3 0
5 4 1
5 5 0
5 6 1
5 7 3
4 7 0
3 7 2
3 6 0
3 5 1
3 4 0
2 4 0
1 4 2
1 3 1
1 2 1
1 1 0
1 0 1
2 0 0
3 0 0
3 1 2
4 1 0
5 1 0
6 1 0
7 1 0
8 1 0
9 1 0
9 2 1
9 3 3
8 3 0
7 3 0
6 3 1
6 4 2
7 4 0
8 4 0
9 4 0
9 5 3
8 5 0
7 5 0
6 5 0
5 5 0
4 5 1
4 6 3
3 6 0
2 6 0
1 6 0
0 6 2
0 5 1
0 4 1
0 3 0
