67
10
8
20
20
20
20
20
10
20
20
20
30
30
10
40
30
30
10
20
40
20
30
10
10
30
20
20
20
10
20
30
10
10
10
20
10
30
30
30
30
30
20
20
10
30
53
20
30
20
20
20
30
30
30
30
40
30
20
10
10
40
10
40
30
30
20
10
30
30
30
40
30
30
10
20
20
10
60
10
10
10
20
51
5 3 3
5 2 0
5 1 1
5 0 0
4 0 1
4 1 1
4 2 0
4 3 0
4 4 0
4 5 0
4 6 0
4 7 3
3 7 0
2 7 2
2 6 0
2 5 1
2 4 1
2 3 0
2 2 0
1 2 0
0 2 2
0 1 1
1 1 0
2 1 1
2 0 0
1 0 1
1 1 0
1 2 0
1 3 1
1 4 1
0 4 1
0 5 1
0 6 2
1 6 0
2 6 0
3 6 0
4 6 0
5 6 3
5 5 0
5 4 1
6 4 0
7 4 0
7 5 0
7 6 0
7 7 2
8 7 0
9 7 3
9 6 1
9 5 1
9 4 1
9 3 0
