65
10
8
60
10
10
20
10
20
10
20
10
20
10
30
20
30
20
20
10
20
10
30
10
30
10
20
20
10
20
30
30
20
30
50
20
10
10
30
10
30
30
20
20
20
30
10
20
10
10
20
20
20
20
30
20
10
20
20
10
20
20
30
10
20
20
20
10
30
20
10
20
20
10
20
20
20
20
20
10
10
10
20
47
3 7 0
2 7 2
2 6 1
2 5 0
2 4 1
2 3 0
2 2 1
2 1 1
3 1 0
4 1 0
5 1 3
5 0 1
6 0 0
6 1 2
7 1 0
7 2 3
6 2 1
6 3 0
6 4 3
5 4 1
5 5 1
5 6 1
5 7 2
6 7 3
6 6 1
7 6 3
7 5 1
8 5 0
8 6 1
8 7 2
9 7 3
9 6 1
9 5 1
9 4 1
9 3 0
8 3 0
7 3 0
6 3 0
5 3 0
4 3 0
3 3 0
2 3 0
1 3 0
0 3 2
0 2 1
0 1 1
0 0 0
