65
10
8
20
10
10
20
20
10
20
20
20
20
10
10
53
20
30
10
20
30
10
30
10
60
30
10
10
10
20
40
10
20
10
10
20
30
40
30
20
30
20
10
10
30
30
30
10
10
20
10
20
10
40
30
20
30
40
10
20
30
20
20
10
20
20
20
20
20
10
10
10
10
30
20
20
10
10
20
10
10
20
20
49
1 4 3
1 3 1
1 2 1
1 1 1
2 1 0
3 1 0
4 1 0
5 1 0
6 1 0
7 1 0
8 1 0
8 2 1
8 3 1
8 4 1
8 5 1
8 6 0
8 7 2
9 7 3
9 6 0
8 6 0
7 6 1
7 7 3
6 7 0
5 7 0
4 7 0
3 7 0
2 7 0
1 7 0
0 7 2
0 6 1
1 6 0
2 6 0
3 6 0
4 6 3
4 5 0
4 4 1
5 4 0
6 4 3
6 3 0
6 2 1
7 2 0
7 3 3
6 3 0
5 3 0
4 3 0
3 3 1
3 4 1
3 5 3
2 5 0
