63
10
8
20
20
20
10
20
20
20
20
20
20
20
10
30
10
20
10
20
10
10
20
20
20
10
10
20
20
10
10
20
10
20
10
20
20
10
30
20
40
30
20
10
20
40
20
30
10
20
10
20
20
20
20
20
10
30
10
20
30
10
10
30
10
30
20
60
51
10
30
30
20
30
20
20
20
20
10
20
20
20
20
42
8 1 1
8 2 1
8 3 0
8 4 0
8 5 2
9 5 0
9 6 3
8 6 0
7 6 0
6 6 0
5 6 2
5 5 1
5 4 0
5 3 1
6 3 0
6 4 3
5 4 0
4 4 2
4 3 0
4 2 1
4 1 0
3 1 1
3 2 1
3 3 1
3 4 3
2 4 1
2 5 2
3 5 0
4 5 0
4 6 0
4 7 2
5 7 0
6 7 0
7 7 3
7 6 0
7 5 1
7 4 0
7 3 1
7 2 1
7 1 0
7 0 1
8 0 0
