63
10
8
20
20
10
10
10
10
20
20
10
10
30
20
10
20
20
10
20
20
40
10
30
10
20
20
20
30
20
30
20
30
20
20
10
30
30
40
10
30
20
10
10
20
20
10
20
20
30
10
20
30
20
30
20
10
30
20
10
10
20
20
20
30
20
10
60
10
20
20
10
10
30
10
20
51
10
20
20
10
20
20
45
9 1 1
9 2 1
9 3 3
8 3 2
8 2 0
7 2 1
7 3 3
6 3 0
5 3 0
4 3 1
4 4 1
4 5 0
4 6 2
5 6 0
6 6 0
7 6 3
7 5 0
7 4 0
6 4 1
6 5 1
6 6 0
6 7 3
5 7 0
4 7 0
3 7 2
3 6 0
2 6 2
2 5 1
2 4 0
2 3 1
2 2 1
3 2 3
3 1 0
3 0 0
2 0 1
2 1 2
3 1 0
4 1 0
5 1 0
5 2 2
6 2 3
6 1 0
6 0 1
7 0 0
8 0 0
