63
10
8
20
10
10
10
20
20
20
20
10
30
10
30
30
20
10
20
20
20
20
10
30
20
30
20
20
10
30
40
20
30
10
20
10
10
20
10
20
20
30
10
20
30
30
10
30
30
10
20
20
30
30
30
40
30
10
10
20
20
30
10
20
30
20
20
20
53
30
10
30
20
20
20
20
20
60
10
20
10
20
20
45
8 1 3
8 0 0
7 0 1
7 1 3
6 1 0
5 1 0
4 1 0
3 1 0
2 1 2
2 0 0
1 0 0
0 0 1
0 1 1
0 2 1
0 3 1
0 4 2
1 4 0
2 4 0
3 4 0
3 5 0
3 6 1
3 7 2
4 7 0
5 7 3
5 6 1
5 5 0
5 4 0
5 3 1
5 2 0
5 1 0
5 0 1
6 0 0
6 1 0
6 2 0
6 3 0
6 4 1
5 4 0
4 4 2
4 3 1
4 2 1
5 2 0
6 2 0
7 2 0
8 2 0
9 2 0
