63
10
8
20
10
20
20
10
10
20
60
20
30
10
30
30
30
20
10
20
30
10
30
10
20
20
20
20
10
20
20
20
30
20
10
51
10
10
20
30
20
10
20
20
30
30
30
20
20
20
10
10
20
20
30
20
20
10
10
20
40
30
30
20
30
20
10
20
20
30
10
10
10
20
10
20
20
10
10
10
10
20
20
46
4 0 1
4 1 1
4 2 1
4 3 3
3 3 1
3 4 2
4 4 0
5 4 0
5 5 2
6 5 3
6 4 1
7 4 3
7 3 0
7 2 0
7 1 1
8 1 0
8 2 0
8 3 1
8 4 1
8 5 1
8 6 2
9 6 0
9 7 3
8 7 0
7 7 0
6 7 0
5 7 0
4 7 2
4 6 1
4 5 0
3 5 0
2 5 2
2 4 1
2 3 0
2 2 1
2 1 0
2 0 0
1 0 1
1 1 0
1 2 1
1 3 0
1 4 0
1 5 0
1 6 3
0 6 1
0 7 0
