64
10
8
20
20
20
10
20
20
20
20
10
10
30
10
10
20
20
10
20
10
20
10
10
30
60
10
20
10
20
20
10
30
20
10
10
10
20
10
10
10
10
10
20
10
10
20
20
20
20
10
20
10
30
10
10
10
10
20
10
10
20
10
10
10
10
10
20
10
10
10
10
10
20
10
20
20
20
20
10
20
50
20
50
9 6 0
8 6 2
8 5 1
8 4 1
8 3 1
8 2 1
8 1 1
8 0 0
7 0 0
6 0 1
6 1 1
6 2 0
6 3 1
6 4 1
6 5 1
6 6 1
6 7 3
5 7 0
4 7 0
3 7 0
2 7 0
1 7 0
0 7 2
0 6 1
1 6 3
1 5 1
2 5 0
3 5 0
4 5 0
5 5 0
5 6 3
4 6 0
3 6 2
3 5 0
3 4 1
3 3 1
4 3 0
5 3 3
5 2 1
5 1 1
5 0 0
4 0 0
3 0 1
3 1 1
3 2 3
2 2 1
2 3 1
2 4 1
2 5 0
2 6 0
