65
10
8
20
20
10
20
10
20
20
20
10
10
40
20
40
10
40
10
20
10
10
40
10
50
10
20
20
10
20
10
10
10
40
60
20
10
40
10
40
40
40
10
10
10
20
40
10
20
20
20
20
40
40
10
40
10
10
20
10
40
20
40
10
10
30
10
20
20
40
30
20
10
20
20
20
20
10
10
10
10
20
20
44
2 5 0
1 5 0
0 5 2
0 4 1
0 3 1
1 3 0
1 4 0
2 4 0
3 4 0
4 4 0
4 5 0
5 5 3
5 4 1
5 3 0
4 3 0
3 3 0
2 3 0
2 2 1
2 1 1
2 0 1
3 0 0
3 1 1
3 2 2
4 2 1
4 1 1
4 0 1
5 0 0
6 0 0
6 1 0
7 1 0
7 2 3
6 2 1
6 3 1
6 4 0
7 4 0
8 4 0
8 5 1
8 6 3
7 6 0
6 6 0
5 6 1
5 7 3
4 7 0
3 7 0
