66
10
8
20
10
20
20
20
10
20
20
20
30
20
20
30
20
40
20
10
30
30
40
30
40
40
10
10
10
30
30
20
10
30
20
20
10
20
40
10
60
30
10
10
20
40
40
10
30
10
10
20
30
40
10
30
40
40
10
10
52
30
10
30
30
40
10
10
40
10
30
40
10
40
10
20
10
10
20
10
10
10
20
50
7 1 2
8 1 0
8 2 1
8 3 0
8 4 1
7 4 0
6 4 0
5 4 0
4 4 0
3 4 1
3 5 1
3 6 0
3 7 2
4 7 0
5 7 0
6 7 0
7 7 0
8 7 0
9 7 3
9 6 1
9 5 1
9 4 1
9 3 0
8 3 0
7 3 0
6 3 0
5 3 0
5 2 0
4 2 2
4 1 1
4 0 0
3 0 0
2 0 0
1 0 1
1 1 0
1 2 3
0 2 1
0 3 2
1 3 0
1 4 0
1 5 2
2 5 0
2 6 0
3 6 0
4 6 0
5 6 0
6 6 1
6 5 0
5 5 0
4 5 0
