63
10
8
20
20
10
20
20
10
20
20
20
40
10
30
30
10
10
10
10
40
10
40
10
20
20
10
10
10
20
10
10
10
50
20
60
40
10
10
10
30
20
10
10
40
10
10
30
10
30
10
20
20
40
10
40
10
10
10
20
10
20
10
10
10
10
20
20
10
40
20
40
40
10
10
20
10
20
10
10
10
20
20
48
3 6 0
2 6 2
2 5 1
3 5 0
4 5 0
5 5 0
6 5 0
7 5 0
8 5 1
8 4 0
7 4 0
6 4 0
6 3 1
6 2 1
7 2 3
7 1 1
7 0 1
8 0 0
8 1 1
8 2 0
9 2 0
9 3 1
9 4 1
9 5 1
9 6 3
8 6 0
7 6 0
6 6 0
5 6 0
4 6 2
4 5 0
4 4 1
4 3 1
4 2 1
4 1 0
3 1 0
2 1 1
2 2 1
2 3 1
1 3 0
0 3 2
0 2 1
0 1 1
1 1 1
1 0 1
2 0 0
3 0 0
4 0 0
