63
10
8
20
20
20
20
10
10
20
20
10
20
30
40
30
20
10
20
10
10
10
30
30
30
20
20
20
30
30
10
10
20
10
10
10
20
30
40
10
10
10
10
10
20
10
10
60
30
20
10
20
30
40
20
30
30
40
10
20
20
20
10
10
30
30
20
10
30
10
30
20
20
20
20
20
10
20
51
10
10
10
20
48
9 3 1
9 4 1
9 5 1
9 6 1
9 7 3
8 7 2
8 6 0
7 6 0
6 6 0
6 5 0
6 4 0
6 3 0
5 3 0
4 3 0
4 2 0
4 1 0
3 1 0
2 1 0
1 1 1
1 2 0
1 3 1
0 3 2
0 2 1
1 2 0
2 2 0
3 2 0
4 2 0
5 2 0
6 2 1
6 1 0
6 0 0
5 0 0
4 0 0
3 0 1
3 1 0
3 2 0
3 3 1
3 4 1
3 5 2
4 5 0
5 5 0
6 5 0
7 5 0
8 5 3
8 4 0
7 4 0
6 4 0
5 4 0
