64
10
8
20
10
20
20
20
10
10
20
20
20
20
10
30
10
20
20
10
20
30
10
20
30
20
10
20
20
30
30
20
20
20
10
20
10
20
30
30
20
30
20
20
30
10
30
40
20
30
10
20
30
30
30
20
10
60
10
20
10
10
30
20
20
20
10
10
20
30
20
20
10
10
52
20
10
20
10
20
10
20
20
46
8 7 2
9 7 3
9 6 0
8 6 0
7 6 2
7 5 0
6 5 0
5 5 2
5 4 0
4 4 0
3 4 2
3 3 0
3 2 0
3 1 1
4 1 0
5 1 0
6 1 0
7 1 0
8 1 0
8 2 0
8 3 3
7 3 0
6 3 0
5 3 0
4 3 0
3 3 0
2 3 0
1 3 0
0 3 1
0 4 2
1 4 0
2 4 0
2 5 0
2 6 3
1 6 1
1 7 2
2 7 0
3 7 0
4 7 3
4 6 0
4 5 0
3 5 1
3 6 2
4 6 0
5 6 0
6 6 0
