63
10
8
20
20
20
10
20
10
20
20
20
40
40
20
10
30
30
10
20
20
20
10
30
20
20
10
20
10
10
20
40
20
20
10
20
10
30
20
10
20
20
10
20
20
20
10
52
30
20
10
10
10
20
40
10
20
30
20
20
30
10
20
20
10
30
20
10
30
40
30
20
30
20
20
20
10
60
10
10
10
10
20
43
5 4 2
6 4 0
7 4 0
7 5 1
7 6 0
7 7 3
6 7 2
6 6 0
6 5 0
5 5 0
4 5 1
4 6 3
3 6 2
3 5 0
2 5 1
2 6 3
1 6 0
0 6 2
0 5 1
0 4 1
1 4 0
2 4 0
3 4 1
3 3 0
2 3 0
1 3 2
1 2 1
2 2 3
2 1 1
3 1 0
4 1 0
5 1 0
5 2 2
6 2 0
6 3 0
7 3 3
7 2 1
7 1 0
7 0 1
8 0 0
9 0 0
9 1 1
9 2 0
