64
10
8
20
10
10
20
10
20
20
20
10
30
10
10
10
40
40
10
20
20
10
10
10
10
20
20
20
10
20
10
40
40
10
10
20
53
10
10
10
10
10
20
10
10
40
10
10
10
20
20
20
10
10
20
10
10
20
20
60
10
40
10
10
10
10
10
10
10
10
30
10
40
40
10
20
10
10
10
20
10
10
20
49
4 1 3
4 0 1
5 0 0
6 0 0
6 1 1
6 2 1
6 3 3
5 3 0
4 3 0
3 3 0
2 3 0
1 3 0
0 3 1
0 4 1
0 5 2
1 5 0
1 6 1
0 6 1
0 7 2
1 7 0
2 7 3
2 6 1
3 6 0
4 6 0
5 6 0
5 7 2
6 7 3
6 6 1
7 6 0
8 6 1
8 5 0
7 5 0
6 5 0
5 5 0
4 5 0
3 5 0
3 4 1
4 4 0
5 4 0
6 4 0
7 4 0
8 4 0
9 4 3
9 3 1
9 2 1
9 1 1
9 0 0
8 0 0
7 0 0
