63
10
8
20
60
52
10
20
20
20
20
10
10
10
10
20
40
30
20
10
20
10
10
30
10
30
10
20
20
20
30
10
30
20
10
10
10
20
10
30
10
10
10
10
20
10
20
40
10
20
20
10
10
20
10
30
10
20
10
20
20
10
20
10
30
20
20
20
10
20
40
40
20
10
20
20
20
20
20
20
20
10
20
44
0 2 2
1 2 0
2 2 0
3 2 0
3 3 0
3 4 1
3 5 0
3 6 3
2 6 0
1 6 0
0 6 1
0 7 2
1 7 3
1 6 0
1 5 1
2 5 0
3 5 0
4 5 0
5 5 0
6 5 0
7 5 0
8 5 3
8 4 1
9 4 3
9 3 0
8 3 0
8 2 1
9 2 3
9 1 0
8 1 0
7 1 1
7 2 1
7 3 3
6 3 0
5 3 2
5 2 1
5 1 0
4 1 0
3 1 2
3 0 0
2 0 0
1 0 0
0 0 1
0 1 0
