64
10
8
20
10
10
20
20
10
10
60
10
20
10
10
20
52
10
10
10
20
10
10
20
20
30
10
20
20
20
30
10
20
30
10
20
30
20
20
20
20
10
20
10
10
10
20
20
10
40
10
10
20
40
40
30
10
10
10
20
10
20
20
20
10
20
10
10
10
10
20
40
20
10
10
20
20
20
10
10
10
20
20
46
1 5 2
2 5 3
2 4 1
3 4 0
4 4 3
4 3 0
3 3 0
2 3 0
1 3 0
0 3 2
0 2 1
0 1 1
0 0 1
1 0 0
2 0 0
3 0 0
3 1 2
4 1 0
5 1 0
6 1 0
6 2 0
7 2 3
7 1 1
7 0 0
6 0 0
5 0 0
4 0 1
4 1 0
4 2 2
5 2 0
6 2 0
6 3 0
7 3 0
7 4 2
8 4 0
8 5 3
7 5 0
6 5 0
5 5 0
4 5 1
4 6 1
4 7 3
3 7 0
2 7 0
1 7 0
0 7 0
