64
10
8
20
10
20
10
10
20
10
20
10
40
20
10
10
40
52
20
20
20
10
60
10
10
10
10
10
20
10
10
20
10
40
10
10
10
10
10
20
10
20
10
10
20
10
10
20
30
20
10
10
10
10
10
40
10
20
10
10
40
40
20
20
40
10
20
20
10
20
20
10
20
10
10
20
20
20
20
10
20
20
20
47
1 6 2
2 6 0
3 6 1
3 5 1
3 4 1
4 4 0
4 5 1
4 6 2
5 6 3
5 5 0
5 4 1
6 4 0
6 5 1
6 6 2
7 6 0
8 6 0
9 6 3
9 5 0
8 5 2
8 4 1
8 3 1
9 3 3
9 2 0
8 2 2
8 1 1
8 0 0
7 0 0
6 0 0
5 0 0
4 0 0
3 0 0
2 0 1
2 1 3
1 1 1
1 2 2
2 2 0
3 2 0
4 2 0
5 2 0
6 2 0
7 2 0
7 3 3
6 3 0
5 3 0
4 3 0
3 3 0
2 3 0
