66
10
8
20
20
20
10
10
60
51
20
10
20
40
30
40
20
10
10
10
40
20
10
10
10
10
20
20
20
40
20
40
10
20
20
10
20
40
10
40
20
20
20
20
40
10
20
10
20
10
20
20
10
10
10
10
20
40
10
10
20
20
10
40
10
40
20
20
20
10
10
30
30
10
10
20
10
20
20
20
20
10
20
44
0 6 1
0 7 2
1 7 0
2 7 3
2 6 1
2 5 1
2 4 1
2 3 1
2 2 1
3 2 0
3 3 2
4 3 0
5 3 0
5 4 1
5 5 3
4 5 1
4 6 2
5 6 0
6 6 1
6 5 1
7 5 0
8 5 0
9 5 3
9 4 0
8 4 0
7 4 0
7 3 1
7 2 0
6 2 0
5 2 0
4 2 0
4 1 0
3 1 2
3 0 0
2 0 0
1 0 0
0 0 1
0 1 2
1 1 0
1 2 1
0 2 1
0 3 1
0 4 1
0 5 0
