65
10
8
20
20
20
10
10
20
20
20
20
30
40
10
10
20
20
10
20
10
40
30
10
10
40
10
20
20
10
40
10
10
30
20
20
10
10
40
40
10
10
10
10
10
30
30
40
30
30
10
52
20
40
30
40
20
10
10
10
10
60
30
10
20
10
10
10
30
10
30
40
30
20
10
20
10
10
10
10
10
10
20
52
6 0 2
7 0 0
8 0 0
9 0 0
9 1 1
9 2 1
9 3 1
9 4 1
9 5 1
9 6 1
9 7 3
8 7 0
7 7 0
6 7 0
5 7 0
4 7 0
3 7 2
3 6 0
3 5 1
3 4 1
3 3 1
4 3 1
4 2 1
4 1 1
4 0 0
3 0 1
3 1 3
2 1 0
1 1 0
0 1 2
0 0 1
1 0 0
1 1 0
1 2 0
2 2 0
2 3 0
2 4 1
2 5 1
2 6 0
3 6 0
4 6 0
5 6 0
6 6 0
7 6 0
8 6 3
8 5 0
8 4 0
7 4 0
6 4 0
6 3 0
6 2 1
7 2 0
