66
10
8
20
10
20
20
10
20
10
20
10
20
30
10
30
10
30
10
10
40
40
20
30
10
30
20
10
10
40
40
20
40
20
10
20
20
10
10
30
30
40
20
20
30
10
10
10
20
20
10
20
40
10
30
30
10
30
10
20
10
53
10
10
10
30
10
10
30
60
40
10
40
40
10
20
20
10
10
20
20
20
20
50
7 2 3
7 1 1
7 0 0
6 0 1
6 1 1
5 1 0
4 1 2
4 0 0
3 0 0
2 0 0
1 0 0
0 0 1
0 1 1
0 2 2
1 2 0
2 2 0
2 3 3
1 3 0
0 3 1
0 4 1
0 5 2
1 5 0
2 5 0
3 5 0
3 6 2
4 6 0
4 7 2
5 7 0
6 7 0
7 7 0
8 7 0
9 7 3
9 6 0
8 6 0
8 5 1
9 5 3
9 4 0
8 4 0
7 4 0
6 4 0
5 4 0
4 4 0
3 4 2
3 3 1
4 3 0
5 3 0
6 3 0
7 3 0
8 3 1
8 2 0
