65
10
8
20
10
10
10
20
20
10
60
10
20
40
10
30
30
10
10
20
20
20
30
40
20
20
20
10
30
30
30
10
20
10
20
10
30
30
40
10
20
20
20
10
10
20
10
52
10
30
10
20
20
20
30
10
20
20
20
10
30
10
10
10
10
20
10
20
20
30
10
20
40
20
20
20
20
10
20
20
20
20
20
47
5 4 2
6 4 0
7 4 0
8 4 0
8 5 1
7 5 0
6 5 1
6 6 3
5 6 0
4 6 1
4 7 3
3 7 2
3 6 1
3 5 1
4 5 3
4 4 1
4 3 1
5 3 0
6 3 0
7 3 0
8 3 0
9 3 3
9 2 1
9 1 0
8 1 2
8 0 0
7 0 0
6 0 1
6 1 3
5 1 0
4 1 0
3 1 0
2 1 2
2 0 0
1 0 0
0 0 1
0 1 1
0 2 1
0 3 1
0 4 2
1 4 0
2 4 0
2 5 3
1 5 0
0 5 1
0 6 1
0 7 0
