63
10
8
20
10
10
10
10
10
20
20
10
10
40
10
30
20
10
20
20
20
10
40
20
10
10
10
10
10
40
10
20
10
10
10
20
20
10
10
10
10
10
20
10
10
40
10
10
10
20
20
20
10
10
10
20
50
10
10
20
10
20
10
10
10
40
10
10
20
20
10
20
20
10
10
20
20
20
60
10
10
10
20
48
6 5 0
5 5 0
4 5 0
3 5 0
2 5 0
1 5 2
1 4 0
1 3 1
1 2 1
2 2 0
3 2 0
3 3 1
3 4 2
4 4 0
5 4 0
6 4 3
6 3 1
6 2 1
6 1 1
6 0 0
5 0 0
4 0 1
4 1 3
3 1 0
2 1 2
2 0 0
1 0 0
0 0 1
0 1 1
0 2 1
0 3 1
0 4 1
0 5 1
0 6 2
1 6 0
2 6 0
3 6 0
4 6 0
5 6 0
5 7 2
6 7 0
7 7 0
8 7 0
9 7 3
9 6 1
9 5 1
9 4 1
9 3 0
