64
10
8
20
20
10
10
20
20
10
20
10
30
20
10
10
20
20
10
10
10
20
20
20
30
10
20
10
20
10
20
10
20
20
20
20
20
20
40
10
30
20
20
20
30
30
30
20
20
10
20
20
10
10
20
10
20
10
10
10
20
30
10
20
10
20
20
10
20
10
10
20
10
10
10
60
20
20
20
10
20
53
20
45
9 6 3
9 5 0
8 5 0
7 5 0
6 5 2
6 4 1
6 3 0
5 3 0
4 3 1
4 4 1
4 5 0
4 6 3
3 6 2
3 5 0
2 5 0
1 5 2
1 4 1
1 3 1
1 2 1
2 2 0
2 3 2
3 3 3
3 2 1
3 1 0
2 1 0
1 1 0
0 1 2
0 0 1
1 0 0
2 0 0
3 0 0
4 0 0
4 1 2
5 1 0
6 1 0
7 1 0
7 2 0
7 3 1
7 4 2
8 4 3
8 3 1
8 2 1
8 1 1
9 1 3
9 0 0
