65
10
8
20
10
20
20
60
20
20
20
10
10
10
10
10
20
10
10
10
40
10
10
10
20
10
10
20
10
10
40
51
10
20
20
20
20
20
40
10
10
40
10
20
10
10
20
10
30
10
20
10
20
20
20
10
10
10
20
10
10
10
20
10
20
10
10
20
10
20
20
30
20
10
20
20
10
10
10
10
10
10
20
48
3 4 1
3 5 1
3 6 2
4 6 1
4 5 1
4 4 1
4 3 1
5 3 0
5 4 1
5 5 0
5 6 1
5 7 2
6 7 3
6 6 1
6 5 1
6 4 1
6 3 1
7 3 0
7 4 1
7 5 2
8 5 0
8 6 1
8 7 2
9 7 3
9 6 1
9 5 1
9 4 1
9 3 1
9 2 1
9 1 1
9 0 0
8 0 1
8 1 1
8 2 3
7 2 0
6 2 2
6 1 0
5 1 0
4 1 2
4 0 0
3 0 1
3 1 1
3 2 1
3 3 1
2 3 0
1 3 0
0 3 1
0 4 0
