64
10
8
20
10
20
10
20
20
20
20
20
10
30
30
20
20
40
60
10
40
10
40
10
10
10
20
20
10
10
10
10
30
40
10
10
10
10
40
20
10
40
10
10
10
40
20
40
10
20
50
10
10
10
10
20
20
10
10
20
40
10
40
20
10
20
20
10
20
40
40
40
40
40
10
20
20
10
10
20
10
10
20
45
5 7 0
4 7 0
3 7 0
2 7 2
2 6 1
2 5 1
2 4 1
2 3 1
3 3 0
4 3 0
4 4 2
5 4 0
5 5 1
5 6 2
6 6 0
7 6 0
7 7 2
8 7 0
9 7 3
9 6 1
9 5 1
9 4 0
8 4 1
8 5 1
7 5 0
6 5 2
6 4 1
7 4 3
7 3 0
6 3 0
5 3 2
5 2 0
4 2 0
3 2 0
2 2 0
1 2 0
0 2 1
0 3 1
0 4 2
1 4 0
1 5 3
0 5 1
0 6 2
1 6 0
1 7 0
