63
10
8
20
10
10
10
20
10
10
20
20
10
10
30
40
40
10
20
60
10
40
20
20
10
30
10
20
40
10
20
20
10
30
20
20
10
20
10
10
30
40
20
20
10
10
40
20
30
40
10
10
20
10
10
10
40
40
20
10
10
10
20
40
10
10
10
10
10
50
40
20
20
30
20
20
20
10
10
20
20
20
20
45
8 2 0
7 2 0
6 2 0
5 2 0
4 2 1
4 3 1
4 4 1
4 5 0
4 6 0
5 6 1
5 5 0
5 4 1
6 4 0
7 4 1
7 3 1
8 3 0
8 4 2
9 4 0
9 5 3
8 5 1
8 6 0
8 7 2
9 7 3
9 6 0
8 6 0
7 6 0
6 6 0
6 5 0
5 5 0
4 5 0
3 5 0
2 5 0
1 5 1
1 6 1
1 7 3
0 7 2
0 6 1
0 5 1
0 4 1
1 4 1
1 3 0
1 2 1
1 1 1
1 0 1
2 0 0
