67
10
8
20
20
20
10
10
20
20
20
10
40
50
40
10
40
30
10
10
10
30
20
40
20
30
20
10
20
10
40
30
30
30
20
60
20
30
30
30
20
10
10
20
30
10
20
30
20
30
20
10
10
30
10
10
30
30
20
10
40
40
40
10
40
20
20
10
40
30
30
10
30
20
20
20
10
10
20
20
10
20
20
50
1 2 0
0 2 1
0 3 1
0 4 1
0 5 2
1 5 1
1 4 1
1 3 1
2 3 0
2 4 0
3 4 0
4 4 0
5 4 0
6 4 0
7 4 0
8 4 0
9 4 0
9 5 1
9 6 3
8 6 1
8 7 3
7 7 2
7 6 0
6 6 0
5 6 0
4 6 0
3 6 0
2 6 0
1 6 0
0 6 1
0 7 2
1 7 0
2 7 3
2 6 0
2 5 1
3 5 0
4 5 3
4 4 0
4 3 0
4 2 0
4 1 0
3 1 1
3 2 1
3 3 0
4 3 0
5 3 3
5 2 1
5 1 0
5 0 0
4 0 0
