65
10
8
20
20
60
10
10
10
10
20
20
30
40
30
20
20
20
10
20
10
40
10
30
40
20
10
10
10
40
40
20
10
10
10
50
40
10
10
20
30
30
10
10
40
30
30
30
30
30
20
10
30
30
20
30
30
20
10
10
10
30
20
20
10
10
10
20
30
10
10
30
20
10
10
20
20
20
10
20
10
20
20
51
4 0 0
3 0 0
2 0 1
2 1 1
2 2 0
3 2 0
3 3 0
4 3 0
5 3 0
6 3 0
6 4 0
6 5 0
6 6 3
5 6 0
4 6 0
3 6 0
2 6 2
2 5 1
3 5 0
4 5 0
5 5 0
6 5 0
7 5 0
8 5 3
8 4 0
8 3 1
8 2 1
8 1 0
8 0 1
9 0 0
9 1 3
8 1 0
7 1 0
6 1 0
5 1 1
5 2 0
5 3 0
5 4 0
5 5 0
5 6 0
5 7 3
4 7 0
3 7 0
2 7 0
1 7 0
0 7 2
0 6 1
0 5 1
0 4 1
0 3 1
0 2 0
