63
10
8
20
20
20
20
10
20
10
20
10
20
20
40
10
30
20
10
20
20
40
10
40
10
10
20
20
20
20
52
30
20
10
20
20
40
30
10
20
20
20
20
10
10
10
20
20
20
10
10
10
20
10
20
10
60
30
10
20
30
10
20
40
10
40
20
10
10
20
30
20
30
10
10
20
10
10
10
10
20
20
20
42
3 3 2
4 3 0
5 3 0
5 4 2
6 4 0
7 4 1
7 3 0
6 3 2
6 2 1
6 1 0
5 1 0
4 1 0
4 0 0
3 0 1
3 1 3
2 1 2
2 0 0
1 0 0
0 0 1
0 1 2
1 1 0
1 2 3
0 2 1
0 3 2
1 3 0
1 4 1
1 5 0
1 6 2
2 6 0
3 6 0
4 6 0
4 7 2
5 7 0
6 7 0
7 7 3
7 6 1
8 6 0
9 6 3
9 5 0
8 5 0
7 5 0
6 5 0
