63
10
8
20
10
20
20
20
10
10
20
10
60
10
20
30
10
40
10
20
10
10
30
20
10
40
10
20
10
10
10
20
30
30
10
20
20
50
10
10
20
30
10
20
10
10
30
40
20
10
20
10
40
40
40
10
30
30
20
10
40
20
20
40
30
40
20
10
30
10
20
20
30
30
20
20
10
10
20
20
20
20
20
45
4 2 0
3 2 0
2 2 0
1 2 0
0 2 1
0 3 2
1 3 0
1 4 0
1 5 1
1 6 0
2 6 1
2 5 1
2 4 0
1 4 0
0 4 1
0 5 1
0 6 1
0 7 2
1 7 0
2 7 0
3 7 0
4 7 0
5 7 3
5 6 1
5 5 1
6 5 0
7 5 0
8 5 0
9 5 0
9 6 3
8 6 0
7 6 0
7 5 0
7 4 0
6 4 0
5 4 0
5 3 0
5 2 1
5 1 1
5 0 0
4 0 1
4 1 3
3 1 0
2 1 0
1 1 0
