63
10
8
20
10
10
20
20
10
20
20
10
40
40
30
30
40
10
10
20
40
20
30
30
40
40
10
20
40
40
10
40
20
40
10
10
30
20
40
40
10
20
10
10
20
40
40
10
40
40
20
10
40
10
20
40
10
20
10
10
20
10
10
20
51
40
10
10
20
30
30
20
30
10
20
20
20
10
10
10
20
10
60
43
7 5 1
7 6 1
6 6 2
6 5 1
6 4 0
5 4 0
4 4 1
4 5 1
4 6 3
3 6 0
3 5 0
2 5 0
2 4 0
2 3 0
2 2 0
1 2 0
1 1 1
2 1 1
2 0 0
1 0 0
0 0 1
0 1 1
0 2 1
0 3 2
1 3 0
2 3 0
3 3 0
4 3 1
4 2 1
5 2 0
5 3 0
6 3 3
6 2 1
6 1 1
7 1 0
7 2 1
7 3 1
7 4 2
8 4 0
8 5 0
8 6 1
8 7 2
9 7 0
