64
10
8
20
20
20
10
10
20
20
20
10
40
40
30
40
10
30
20
20
30
30
10
10
20
30
20
20
30
20
10
40
40
30
10
10
40
10
10
40
40
10
10
10
20
10
10
20
30
10
52
20
10
30
60
10
30
40
10
20
10
20
40
10
30
30
10
20
10
30
30
40
20
20
10
20
10
10
10
10
10
10
20
50
5 7 2
6 7 0
7 7 0
8 7 0
9 7 3
9 6 1
9 5 1
9 4 1
9 3 1
9 2 1
9 1 1
9 0 0
8 0 1
8 1 1
8 2 0
8 3 0
8 4 1
7 4 0
6 4 0
5 4 2
5 3 1
5 2 1
5 1 0
4 1 1
4 2 1
4 3 1
4 4 1
3 4 1
3 5 1
2 5 2
2 4 1
2 3 1
2 2 0
2 1 0
2 0 0
1 0 0
0 0 1
0 1 2
1 1 0
1 2 0
2 2 0
3 2 3
3 1 0
3 0 1
4 0 0
5 0 0
6 0 0
6 1 1
6 2 0
6 3 0
