63
10
8
20
20
10
20
20
20
51
20
20
20
30
20
40
20
30
10
10
20
20
30
10
30
60
10
10
20
30
40
20
40
30
10
10
10
20
10
30
20
20
10
20
20
10
10
10
20
10
10
10
30
20
20
20
30
20
10
10
20
40
40
20
10
20
10
10
10
20
20
20
10
30
10
20
10
20
20
20
20
20
20
43
0 6 1
0 7 2
1 7 0
2 7 0
3 7 0
4 7 0
5 7 0
6 7 0
7 7 0
8 7 0
9 7 3
9 6 0
8 6 0
7 6 2
7 5 1
7 4 0
6 4 2
6 3 0
5 3 0
4 3 0
3 3 0
3 2 0
3 1 1
4 1 0
5 1 3
5 0 0
4 0 0
3 0 0
2 0 0
1 0 1
1 1 3
0 1 1
0 2 1
0 3 2
1 3 0
1 4 0
2 4 0
3 4 0
3 5 0
4 5 0
4 6 3
3 6 0
2 6 0
