64
10
8
20
10
20
10
10
10
20
20
20
10
10
10
30
10
20
50
10
10
10
20
20
10
10
10
10
30
10
40
10
40
20
10
10
10
30
10
30
10
20
20
10
30
10
10
20
30
10
10
10
20
40
30
20
20
30
20
20
20
10
20
10
10
30
60
20
10
30
20
10
10
20
20
20
20
20
10
10
10
10
20
51
1 7 0
0 7 2
0 6 1
1 6 3
1 5 1
1 4 0
1 3 1
1 2 1
1 1 1
1 0 1
2 0 0
3 0 0
4 0 0
5 0 0
6 0 0
7 0 0
7 1 3
6 1 1
6 2 0
7 2 0
8 2 0
9 2 0
9 3 1
9 4 1
9 5 1
9 6 1
9 7 3
8 7 2
8 6 0
7 6 0
6 6 0
5 6 0
4 6 1
4 7 2
5 7 0
6 7 3
6 6 0
6 5 0
5 5 0
4 5 0
3 5 0
3 4 1
3 3 1
4 3 0
5 3 0
6 3 0
7 3 0
7 4 1
7 5 1
7 6 0
7 7 0
