64
10
8
60
20
20
10
20
20
20
20
10
30
10
10
10
10
10
10
10
20
10
20
30
30
20
10
10
20
10
20
20
40
30
20
10
20
30
10
20
40
10
20
10
10
20
10
40
10
10
10
20
40
10
30
20
10
20
10
10
10
30
10
20
10
20
10
51
30
10
10
20
20
10
10
20
20
10
10
10
10
10
20
49
8 0 1
8 1 0
8 2 1
8 3 1
8 4 3
7 4 1
7 5 1
7 6 3
6 6 2
6 5 1
6 4 0
5 4 0
5 3 1
5 2 0
4 2 0
3 2 0
2 2 0
1 2 0
0 2 1
0 3 1
0 4 2
1 4 0
2 4 0
3 4 0
3 5 0
4 5 0
4 6 1
4 7 2
5 7 0
6 7 0
7 7 0
8 7 0
9 7 3
9 6 1
9 5 1
9 4 1
9 3 1
9 2 1
9 1 0
8 1 0
7 1 0
6 1 0
6 0 0
5 0 0
4 0 0
3 0 0
2 0 0
1 0 0
0 0 0
