63
10
8
20
10
53
10
10
10
10
20
10
10
10
30
20
10
30
20
10
40
10
30
30
30
30
20
10
20
30
30
30
40
40
10
10
40
30
40
30
30
20
10
10
10
20
10
30
10
10
10
20
30
20
40
30
20
30
10
60
30
30
30
30
10
40
10
10
20
40
20
40
40
30
20
20
10
20
10
10
20
20
20
50
0 2 3
0 1 1
0 0 1
1 0 0
2 0 0
3 0 0
4 0 0
5 0 0
6 0 0
6 1 0
6 2 2
7 2 0
8 2 0
8 3 3
7 3 0
6 3 1
6 4 0
6 5 3
5 5 0
4 5 0
3 5 0
3 4 0
3 3 0
3 2 0
3 1 0
2 1 1
2 2 1
2 3 0
2 4 0
2 5 0
2 6 0
2 7 2
3 7 0
4 7 0
5 7 0
6 7 0
7 7 0
8 7 3
8 6 0
8 5 1
9 5 0
9 6 3
8 6 0
7 6 0
7 5 1
7 4 0
7 3 0
7 2 0
7 1 0
7 0 0
