65
10
8
20
10
20
20
20
10
20
20
20
30
30
10
20
10
10
10
10
30
20
10
20
10
10
20
20
20
10
20
20
10
10
10
50
30
20
40
20
10
10
10
10
10
10
20
10
20
20
20
10
30
10
40
40
10
10
10
60
30
10
40
10
30
40
10
10
40
40
10
20
30
30
10
20
20
20
10
10
10
10
20
50
4 0 0
3 0 1
3 1 2
4 1 0
5 1 0
6 1 0
7 1 0
8 1 0
8 2 0
9 2 0
9 3 1
9 4 1
9 5 1
9 6 1
9 7 3
8 7 0
7 7 0
6 7 0
5 7 2
5 6 0
4 6 0
3 6 0
2 6 0
1 6 0
0 6 2
0 5 1
0 4 1
1 4 3
1 3 1
1 2 0
1 1 0
1 0 0
0 0 1
0 1 1
0 2 2
1 2 0
2 2 0
2 3 1
2 4 2
3 4 3
3 3 1
4 3 0
4 4 2
5 4 0
6 4 1
6 3 1
7 3 1
7 2 1
7 1 0
7 0 0
