65
10
8
20
20
10
20
60
10
10
20
50
40
10
10
10
10
40
10
20
10
10
10
30
30
20
10
20
10
30
40
20
10
10
10
10
20
30
40
10
20
10
10
20
20
40
10
20
10
10
10
20
20
10
20
40
30
20
10
10
10
20
40
30
30
30
10
20
30
30
20
40
30
10
10
20
10
10
20
10
20
20
20
50
1 0 0
0 0 1
0 1 2
1 1 0
1 2 1
1 3 1
1 4 1
1 5 1
1 6 0
2 6 3
2 5 0
2 4 0
2 3 1
2 2 1
2 1 1
2 0 1
3 0 0
3 1 1
3 2 0
3 3 0
4 3 1
4 2 0
4 1 1
5 1 0
5 2 0
6 2 0
7 2 0
7 3 0
8 3 0
8 4 1
7 4 0
6 4 1
6 5 0
6 6 2
7 6 0
8 6 0
9 6 0
9 7 3
8 7 0
7 7 0
6 7 0
5 7 0
4 7 0
3 7 0
2 7 0
1 7 0
0 7 2
0 6 1
0 5 1
0 4 0
