66
10
8
20
10
10
20
20
20
10
20
10
10
10
10
40
30
10
10
20
20
30
10
60
30
30
10
10
30
40
53
10
30
40
20
20
30
30
30
10
30
40
20
10
20
30
30
40
40
20
10
20
30
30
30
40
10
10
10
10
10
30
10
30
40
40
20
20
30
30
40
40
20
30
10
20
10
20
10
10
10
10
20
53
3 3 3
3 2 1
4 2 0
5 2 0
6 2 0
7 2 0
8 2 0
9 2 0
9 3 1
9 4 1
9 5 1
9 6 1
9 7 3
8 7 0
7 7 2
7 6 0
6 6 0
5 6 2
5 5 0
4 5 0
3 5 0
2 5 0
1 5 0
0 5 1
0 6 1
0 7 2
1 7 0
2 7 0
3 7 3
3 6 1
4 6 1
4 5 0
4 4 1
4 3 0
4 2 0
4 1 0
4 0 1
5 0 0
6 0 0
6 1 0
6 2 0
6 3 0
6 4 1
5 4 0
5 3 0
5 2 0
5 1 0
4 1 0
3 1 0
2 1 1
2 2 0
2 3 1
2 4 0
