65
10
8
20
10
10
20
20
10
60
20
10
30
30
20
30
10
10
20
20
30
10
30
30
20
10
20
20
30
10
10
10
30
10
53
10
10
30
10
20
20
20
10
10
30
10
30
10
20
20
20
10
20
20
10
30
10
20
20
10
30
10
20
10
30
10
20
10
20
20
10
20
30
30
20
20
10
10
10
20
20
10
20
51
3 7 3
3 6 1
3 5 0
3 4 1
3 3 1
3 2 1
3 1 0
3 0 1
4 0 0
5 0 0
6 0 0
7 0 0
8 0 0
9 0 0
9 1 1
9 2 1
9 3 1
9 4 3
8 4 1
8 5 0
8 6 0
8 7 2
9 7 3
9 6 1
9 5 0
8 5 0
7 5 0
6 5 0
5 5 1
5 6 3
4 6 2
4 5 0
3 5 0
2 5 2
2 4 0
2 3 0
2 2 1
2 1 0
2 0 0
1 0 0
0 0 1
0 1 1
0 2 1
0 3 2
1 3 0
1 4 0
1 5 1
1 6 1
1 7 3
0 7 2
0 6 0
