64
10
8
20
20
20
20
20
10
20
20
10
20
20
10
20
20
10
10
10
40
20
40
30
10
51
20
10
30
10
40
30
30
10
10
10
30
10
10
30
10
20
10
20
10
30
10
20
30
40
20
10
30
30
10
30
30
10
10
20
10
30
10
40
30
30
10
10
40
30
30
10
30
20
10
20
20
10
20
10
60
10
20
51
2 6 1
2 7 2
3 7 0
4 7 0
5 7 3
5 6 1
6 6 0
7 6 0
8 6 3
8 5 0
8 4 1
8 3 0
8 2 0
8 1 1
9 1 3
9 0 0
8 0 0
7 0 1
7 1 1
7 2 0
7 3 1
7 4 1
6 4 0
5 4 2
5 3 1
5 2 0
5 1 1
5 0 0
4 0 0
3 0 0
2 0 0
1 0 0
0 0 1
0 1 2
1 1 0
1 2 2
2 2 0
2 3 1
1 3 0
0 3 1
0 4 2
1 4 0
1 5 2
2 5 0
3 5 0
4 5 0
5 5 0
6 5 0
7 5 0
8 5 0
9 5 0
