63
10
8
20
53
10
10
10
20
10
60
10
20
20
10
10
10
40
10
10
10
10
30
10
20
20
20
10
10
40
10
20
20
40
10
10
30
20
10
10
10
30
20
20
10
10
10
30
10
20
10
20
40
20
40
40
20
40
20
10
20
30
20
30
10
10
10
10
40
10
10
20
10
30
20
20
10
10
10
10
20
20
20
47
0 1 3
0 0 1
1 0 0
2 0 0
3 0 0
4 0 0
5 0 0
5 1 1
5 2 1
5 3 1
5 4 0
5 5 1
5 6 2
6 6 1
6 5 1
7 5 0
8 5 0
9 5 3
9 4 1
9 3 1
9 2 1
9 1 1
9 0 0
8 0 0
7 0 0
6 0 1
6 1 0
7 1 0
7 2 0
7 3 3
6 3 1
6 4 1
5 4 0
4 4 0
3 4 2
3 3 1
3 2 0
2 2 0
1 2 1
1 3 1
1 4 1
1 5 1
1 6 0
2 6 0
2 7 3
1 7 0
0 7 0
