63
10
8
20
10
10
10
10
10
10
20
20
10
20
40
10
60
10
10
20
20
10
30
10
30
20
10
20
30
40
30
20
40
30
10
10
30
30
10
30
10
40
10
10
30
10
40
10
10
20
10
10
30
20
40
40
40
40
10
10
10
40
40
40
30
30
10
51
30
10
40
30
20
30
20
20
20
10
20
10
20
10
20
49
8 0 1
8 1 0
8 2 1
8 3 0
9 3 3
9 2 1
9 1 0
8 1 0
7 1 0
6 1 0
5 1 0
4 1 0
3 1 0
2 1 2
2 0 1
3 0 0
3 1 0
3 2 1
2 2 0
1 2 2
1 1 1
1 0 0
0 0 1
0 1 1
0 2 1
0 3 1
0 4 1
0 5 1
0 6 1
0 7 2
1 7 0
2 7 0
3 7 0
4 7 0
5 7 0
6 7 0
7 7 0
8 7 3
8 6 0
8 5 0
7 5 0
6 5 0
6 4 0
5 4 0
4 4 0
3 4 1
3 5 1
2 5 0
1 5 0
