67
10
8
20
10
10
20
20
10
20
20
20
20
20
10
10
20
20
10
10
30
30
20
10
20
10
20
10
40
40
20
30
10
20
10
10
20
30
30
20
30
30
10
10
20
40
10
20
40
10
10
20
40
10
10
10
40
30
20
10
30
30
20
20
10
10
20
10
10
51
30
30
30
20
10
60
10
10
10
10
10
10
20
52
8 2 1
8 3 0
8 4 0
8 5 0
8 6 3
7 6 0
6 6 0
5 6 0
4 6 0
3 6 2
3 5 1
3 4 0
3 3 1
4 3 0
5 3 0
6 3 0
7 3 0
7 4 3
6 4 0
5 4 1
5 5 0
6 5 0
6 6 0
6 7 3
5 7 0
4 7 0
3 7 0
2 7 2
2 6 1
2 5 0
1 5 1
1 6 3
0 6 2
0 5 1
0 4 1
1 4 0
2 4 0
3 4 0
4 4 3
4 3 0
4 2 0
4 1 0
3 1 1
3 2 0
4 2 0
5 2 1
5 1 1
6 1 1
6 0 1
7 0 0
8 0 0
9 0 0
