63
10
8
20
20
20
20
10
10
10
20
10
10
40
20
30
40
40
10
20
40
30
30
30
10
10
20
10
30
30
40
30
10
10
10
20
30
10
30
20
40
30
20
60
30
30
30
10
30
20
52
20
30
40
30
10
10
30
20
10
20
30
40
20
40
20
20
10
30
10
20
30
40
20
20
20
20
10
20
10
20
10
20
46
5 7 2
6 7 3
6 6 0
6 5 1
6 4 1
6 3 0
6 2 0
5 2 0
4 2 0
3 2 0
2 2 0
1 2 1
1 3 3
0 3 1
0 4 1
0 5 1
0 6 1
0 7 2
1 7 0
2 7 3
2 6 1
2 5 1
2 4 0
2 3 0
2 2 0
2 1 1
3 1 0
4 1 0
5 1 0
6 1 0
7 1 0
7 2 0
7 3 0
8 3 0
8 4 0
8 5 1
7 5 1
7 6 3
6 6 0
5 6 2
5 5 0
5 4 1
5 3 0
5 2 0
5 1 0
5 0 0
