63
10
8
20
20
20
20
10
10
10
20
10
10
40
30
20
40
20
20
10
30
20
10
40
40
10
10
10
10
20
10
20
30
20
20
10
30
10
40
10
30
20
52
10
60
40
30
10
40
10
10
10
10
40
20
40
30
40
10
10
40
30
10
30
10
10
10
10
20
30
10
40
30
30
10
20
20
20
20
20
20
10
20
48
4 7 2
5 7 0
6 7 0
7 7 0
8 7 0
9 7 3
9 6 1
9 5 0
8 5 0
7 5 0
6 5 0
5 5 0
5 4 1
5 3 0
5 2 1
6 2 0
6 3 3
5 3 0
4 3 1
4 4 1
4 5 0
4 6 2
5 6 0
6 6 1
6 5 0
6 4 1
7 4 0
8 4 1
8 3 1
8 2 0
8 1 1
9 1 3
9 0 0
8 0 0
7 0 0
6 0 0
5 0 0
4 0 0
3 0 0
2 0 0
1 0 0
0 0 1
0 1 2
1 1 0
2 1 0
3 1 0
4 1 0
5 1 0
