64
10
8
20
10
10
10
10
20
10
20
10
30
40
40
30
30
60
10
10
40
30
10
40
10
10
20
10
30
40
30
10
20
10
10
20
20
20
30
10
20
10
20
10
10
40
10
51
20
20
20
20
10
30
10
30
10
10
10
20
40
20
10
10
20
20
20
20
30
40
10
40
10
10
20
20
20
20
10
10
20
20
20
47
5 4 1
5 5 3
4 5 2
4 4 1
4 3 0
4 2 0
3 2 1
3 3 0
3 4 1
3 5 3
2 5 0
1 5 0
0 5 2
0 4 1
0 3 1
0 2 1
0 1 1
0 0 1
1 0 0
2 0 0
3 0 0
4 0 0
4 1 2
5 1 0
6 1 0
7 1 1
7 0 1
8 0 0
8 1 0
8 2 1
7 2 1
7 3 1
7 4 1
7 5 2
8 5 0
9 5 0
9 6 3
8 6 0
7 6 1
7 7 3
6 7 0
5 7 2
5 6 0
4 6 0
3 6 0
2 6 0
1 6 0
