63
10
8
20
10
10
10
20
20
10
20
20
10
30
30
30
30
20
20
10
10
10
20
40
52
30
10
20
40
30
20
30
20
30
10
10
30
20
10
10
60
30
10
20
30
30
30
10
30
20
10
10
30
30
20
10
10
40
20
10
30
30
30
10
20
20
10
20
40
30
20
10
20
30
10
20
20
10
20
10
10
20
20
49
2 5 2
3 5 3
3 4 0
3 3 0
2 3 1
2 4 1
1 4 0
0 4 2
0 3 1
0 2 1
0 1 1
0 0 1
1 0 0
1 1 1
1 2 0
1 3 0
1 4 0
1 5 0
1 6 2
2 6 0
3 6 0
4 6 0
5 6 3
5 5 0
5 4 1
5 3 0
5 2 0
5 1 0
5 0 0
4 0 0
3 0 1
3 1 0
4 1 0
5 1 0
6 1 0
7 1 0
8 1 0
8 2 0
8 3 2
9 3 0
9 4 1
9 5 1
9 6 3
8 6 0
7 6 2
7 5 0
6 5 0
5 5 0
4 5 0
