65
10
8
20
20
20
20
10
10
20
20
10
30
30
20
20
52
60
20
10
30
10
10
20
10
20
20
10
10
30
10
30
30
20
10
20
30
10
10
30
20
30
10
20
30
30
30
20
20
20
20
20
30
30
20
10
10
20
20
20
10
20
10
30
10
30
10
20
10
20
20
30
40
30
10
20
10
10
10
20
20
10
20
50
1 5 2
2 5 0
3 5 0
4 5 3
4 4 0
4 3 1
4 2 1
4 1 0
4 0 1
5 0 0
5 1 0
5 2 0
5 3 0
5 4 2
6 4 0
7 4 0
8 4 0
9 4 3
9 3 1
9 2 1
9 1 1
9 0 0
8 0 1
8 1 1
8 2 3
7 2 2
7 1 1
7 0 0
6 0 1
6 1 0
6 2 0
6 3 2
7 3 0
8 3 0
8 4 0
8 5 0
9 5 0
9 6 1
9 7 3
8 7 0
7 7 0
6 7 2
6 6 0
5 6 1
5 7 3
4 7 0
3 7 0
2 7 2
2 6 0
1 6 0
