64
10
8
20
20
20
10
10
20
52
60
20
20
30
30
20
10
20
10
20
10
10
30
40
40
10
20
20
10
20
10
20
40
30
10
10
20
30
10
10
10
10
10
20
20
20
20
20
30
30
20
10
10
20
40
30
20
20
10
20
40
30
20
30
10
20
20
10
20
10
10
40
20
10
20
20
20
10
10
20
10
10
20
46
0 6 2
1 6 3
1 5 1
1 4 1
2 4 1
2 3 0
2 2 1
2 1 1
2 0 1
3 0 0
3 1 1
3 2 2
4 2 0
5 2 3
5 1 1
6 1 0
7 1 1
7 0 1
8 0 0
9 0 0
9 1 3
8 1 1
8 2 1
8 3 1
8 4 0
9 4 0
9 5 1
9 6 1
9 7 3
8 7 2
8 6 1
8 5 0
7 5 0
6 5 2
6 4 0
6 3 0
5 3 1
5 4 3
4 4 0
3 4 1
3 5 1
2 5 1
2 6 1
2 7 3
1 7 0
0 7 0
