63
10
8
20
60
20
10
20
20
20
20
10
40
10
20
10
20
30
20
20
20
10
40
10
30
10
10
20
10
40
40
10
10
40
10
20
10
10
40
50
40
20
10
20
10
10
40
10
20
10
20
20
30
20
10
40
10
20
10
10
10
40
40
10
10
40
20
10
10
10
10
10
20
40
20
20
10
10
20
10
10
20
20
44
4 4 0
3 4 0
2 4 0
1 4 0
0 4 1
0 5 2
1 5 0
1 6 0
1 7 2
2 7 0
3 7 0
4 7 0
5 7 3
5 6 1
5 5 1
6 5 0
7 5 0
8 5 0
8 6 0
9 6 3
9 5 1
9 4 1
9 3 0
8 3 0
7 3 0
7 2 0
6 2 2
6 1 0
6 0 0
5 0 1
5 1 1
5 2 1
5 3 1
4 3 0
4 2 1
4 1 1
4 0 0
3 0 1
3 1 1
3 2 1
2 2 0
1 2 0
0 2 2
0 1 0
