65
10
8
60
10
10
20
20
10
20
20
10
30
30
10
10
20
30
10
20
20
20
40
40
20
20
50
10
30
30
40
30
30
10
10
10
30
40
10
30
30
10
20
10
20
20
20
20
30
30
10
20
30
30
30
30
40
40
10
10
30
40
30
10
20
30
10
10
40
10
30
30
30
10
10
20
20
10
10
10
20
10
20
52
2 7 0
1 7 0
0 7 2
0 6 1
1 6 0
2 6 3
2 5 1
3 5 0
4 5 0
5 5 0
6 5 1
6 4 0
6 3 0
6 2 0
6 1 0
6 0 0
5 0 0
4 0 0
3 0 0
2 0 1
2 1 2
3 1 0
4 1 0
5 1 0
5 2 2
6 2 0
7 2 0
7 3 0
7 4 1
7 5 2
8 5 0
9 5 0
9 6 1
9 7 3
8 7 0
7 7 0
6 7 0
5 7 0
4 7 2
4 6 1
4 5 0
4 4 0
4 3 1
4 2 0
3 2 0
2 2 1
2 3 1
1 3 0
0 3 2
0 2 1
0 1 1
0 0 0
