64
10
8
20
10
10
20
20
10
20
20
20
40
60
20
20
10
10
20
10
20
51
10
10
20
10
10
10
20
10
10
20
10
20
10
20
10
30
20
10
20
10
10
20
20
10
20
10
20
40
20
20
20
20
20
10
20
10
20
20
20
10
10
10
10
20
20
20
40
20
40
10
20
20
10
20
10
20
10
20
20
20
20
42
2 2 1
2 3 1
2 4 1
2 5 2
3 5 0
4 5 3
4 4 1
4 3 1
5 3 3
5 2 1
5 1 1
6 1 0
6 2 2
7 2 0
8 2 0
8 3 1
7 3 0
6 3 1
6 4 1
6 5 2
7 5 0
8 5 0
8 6 2
9 6 0
9 7 3
8 7 0
7 7 2
7 6 0
6 6 0
5 6 1
5 7 3
4 7 0
3 7 0
2 7 0
1 7 2
1 6 1
1 5 1
1 4 0
0 4 2
0 3 1
1 3 3
1 2 0
