63
10
8
20
10
10
20
10
20
20
20
20
20
30
20
20
20
10
10
20
20
30
20
30
10
30
20
10
30
20
20
40
30
20
20
10
30
20
20
20
20
30
10
20
20
30
10
20
20
20
20
20
10
52
10
30
20
10
10
10
30
20
30
10
40
10
20
60
10
30
30
40
20
10
10
20
20
20
20
20
10
10
20
43
6 2 2
7 2 0
7 3 0
7 4 1
7 5 0
8 5 3
8 4 1
9 4 3
9 3 0
8 3 0
7 3 0
6 3 0
5 3 0
4 3 1
4 4 3
3 4 1
3 5 0
3 6 3
2 6 0
1 6 0
0 6 1
0 7 2
1 7 0
2 7 3
2 6 0
2 5 1
2 4 0
2 3 0
1 3 2
1 2 0
1 1 1
2 1 3
2 0 1
3 0 0
4 0 0
5 0 0
5 1 2
6 1 0
7 1 0
8 1 0
9 1 3
9 0 0
8 0 0
