63
10
8
20
10
10
10
60
20
10
20
10
10
10
30
10
20
20
20
10
40
10
20
10
10
20
10
20
10
10
30
20
10
10
10
10
10
40
10
10
10
20
10
10
20
10
40
10
40
10
10
20
10
10
20
20
30
20
10
10
10
40
10
20
30
30
10
20
40
20
10
10
10
20
10
20
10
20
10
10
10
51
20
50
9 6 1
9 7 3
8 7 0
7 7 0
6 7 0
5 7 0
4 7 0
3 7 0
2 7 0
1 7 2
1 6 1
2 6 3
2 5 1
2 4 1
2 3 1
3 3 0
4 3 0
5 3 1
5 2 1
5 1 1
6 1 0
7 1 0
8 1 1
8 0 1
9 0 0
9 1 1
9 2 3
8 2 1
8 3 1
8 4 1
8 5 1
8 6 3
7 6 0
6 6 2
6 5 0
6 4 0
5 4 0
4 4 0
3 4 2
3 3 0
3 2 1
3 1 1
3 0 0
2 0 0
1 0 0
0 0 1
0 1 1
0 2 1
0 3 1
0 4 0
