63
10
8
20
10
60
10
10
10
20
20
10
10
10
10
30
30
20
20
20
30
30
20
40
10
30
10
20
10
10
10
20
10
20
10
10
10
10
10
10
20
40
10
20
10
30
20
30
10
20
20
20
10
30
30
30
51
30
20
10
20
30
20
20
30
30
20
20
20
20
30
30
20
20
10
20
10
10
10
10
20
20
20
48
6 5 1
6 6 0
6 7 2
7 7 3
7 6 0
7 5 0
7 4 0
6 4 0
5 4 0
4 4 0
3 4 2
3 3 1
3 2 1
3 1 1
3 0 1
4 0 0
5 0 0
5 1 1
5 2 0
5 3 2
6 3 0
7 3 3
7 2 0
7 1 1
8 1 3
8 0 1
9 0 0
9 1 1
9 2 1
9 3 1
9 4 1
9 5 3
8 5 1
8 6 3
7 6 0
6 6 0
5 6 1
5 7 3
4 7 0
3 7 0
2 7 0
1 7 2
1 6 0
0 6 2
0 5 1
0 4 1
0 3 1
0 2 0
