63
10
8
20
10
10
20
10
10
10
20
10
10
30
10
40
40
10
10
10
30
10
10
10
30
51
20
10
30
10
20
30
20
10
20
10
60
10
10
30
10
10
20
20
10
40
10
10
30
20
20
20
20
10
20
30
20
40
10
20
40
30
30
10
20
30
20
10
10
20
30
30
30
10
20
20
10
10
10
20
10
20
20
50
2 6 1
2 7 2
3 7 3
3 6 1
3 5 0
2 5 0
1 5 0
1 4 1
2 4 0
3 4 0
4 4 0
5 4 0
6 4 0
7 4 0
8 4 0
9 4 3
9 3 1
9 2 1
9 1 1
9 0 0
8 0 0
7 0 1
7 1 1
6 1 2
6 0 0
5 0 1
5 1 1
5 2 0
6 2 0
7 2 0
8 2 0
8 3 0
8 4 0
8 5 0
8 6 1
8 7 3
7 7 2
7 6 0
7 5 0
6 5 1
6 6 1
5 6 1
5 7 3
4 7 2
4 6 1
4 5 1
4 4 0
4 3 1
4 2 1
4 1 0
