65
10
8
20
20
20
20
10
10
10
20
20
20
20
30
20
10
20
20
10
30
10
40
20
20
20
20
20
10
10
30
10
20
20
20
10
40
10
20
20
20
10
10
20
10
40
20
10
10
10
60
20
30
10
20
20
20
20
10
10
20
10
20
20
10
30
10
20
20
30
30
10
20
10
52
20
10
20
20
10
20
20
20
44
8 7 2
9 7 3
9 6 0
8 6 0
7 6 0
6 6 2
6 5 0
5 5 0
4 5 2
4 4 1
5 4 0
6 4 3
6 3 1
7 3 3
7 2 1
7 1 0
6 1 0
5 1 0
4 1 1
4 2 1
4 3 3
3 3 0
2 3 1
2 4 3
1 4 2
1 3 0
1 2 0
0 2 2
0 1 1
1 1 3
1 0 1
2 0 0
3 0 0
3 1 1
3 2 1
3 3 0
3 4 1
3 5 3
2 5 1
2 6 2
3 6 0
3 7 2
4 7 0
5 7 0
