66
10
8
51
10
10
20
20
60
10
20
10
30
10
20
30
30
20
20
20
10
30
10
20
30
30
10
10
10
40
20
20
10
40
10
10
10
10
30
20
10
20
20
10
30
10
30
20
30
40
20
10
30
30
10
20
40
30
10
10
30
30
10
20
30
10
20
10
20
30
20
40
20
30
10
20
10
20
20
20
10
10
20
52
0 0 1
0 1 1
0 2 1
0 3 2
1 3 0
1 4 0
1 5 0
1 6 2
2 6 0
3 6 1
3 5 1
3 4 1
4 4 0
4 5 1
4 6 2
5 6 0
5 7 2
6 7 0
7 7 3
7 6 1
7 5 0
7 4 1
8 4 1
8 3 0
7 3 0
6 3 0
5 3 0
4 3 0
3 3 2
3 2 1
4 2 0
5 2 0
6 2 0
7 2 0
8 2 0
9 2 3
9 1 1
9 0 0
8 0 0
7 0 0
6 0 0
5 0 0
4 0 0
3 0 0
2 0 1
2 1 1
2 2 0
2 3 1
2 4 3
1 4 0
0 4 1
0 5 0
