63
10
8
20
20
20
20
10
20
10
20
20
30
10
10
20
10
20
10
20
30
10
10
10
20
20
20
20
10
20
10
20
10
10
20
10
20
10
40
10
10
10
10
10
20
30
10
10
10
20
10
20
10
10
20
20
20
10
10
10
10
20
20
10
10
20
10
52
10
30
20
20
20
20
20
20
20
10
20
10
20
20
60
45
8 0 2
9 0 0
9 1 3
8 1 0
7 1 0
6 1 0
5 1 1
5 2 0
5 3 1
5 4 1
5 5 1
5 6 3
4 6 0
3 6 0
2 6 1
2 7 3
1 7 0
0 7 2
0 6 1
0 5 1
1 5 0
2 5 3
2 4 1
2 3 1
2 2 1
2 1 0
2 0 1
3 0 0
3 1 1
3 2 2
4 2 0
5 2 0
6 2 0
7 2 0
7 3 2
8 3 0
8 4 3
7 4 0
6 4 1
6 5 2
7 5 0
8 5 0
8 6 2
9 6 0
9 7 0
