64
10
8
20
20
10
10
20
20
20
20
20
30
20
30
20
40
10
10
20
10
40
30
40
20
10
10
10
30
40
20
20
10
40
20
20
30
10
20
30
30
10
20
20
40
20
10
20
40
30
10
10
30
30
10
20
20
30
20
10
30
20
20
30
20
10
20
20
30
10
52
10
10
10
20
60
10
20
20
10
20
10
20
45
8 3 2
9 3 0
9 4 1
9 5 3
8 5 0
7 5 1
7 6 1
7 7 3
6 7 2
6 6 0
6 5 0
5 5 0
5 4 0
4 4 0
3 4 1
3 5 1
3 6 1
2 6 0
1 6 0
0 6 2
0 5 1
1 5 1
1 4 0
0 4 2
0 3 1
0 2 1
0 1 1
1 1 0
2 1 0
3 1 0
4 1 0
5 1 1
5 0 0
4 0 1
4 1 0
4 2 1
4 3 2
5 3 0
6 3 0
7 3 3
7 2 1
8 2 0
9 2 3
9 1 1
9 0 0
