63
10
8
20
20
20
52
10
10
10
20
10
10
40
30
30
10
40
20
10
10
40
10
20
30
10
10
20
10
10
10
30
20
30
20
20
40
30
10
30
20
10
20
20
40
20
40
40
40
40
10
20
40
10
30
40
20
30
10
10
30
30
30
10
10
40
10
10
10
10
10
30
30
60
10
20
10
20
20
10
10
20
20
48
0 3 2
1 3 0
2 3 0
3 3 0
4 3 0
5 3 0
5 4 0
6 4 0
6 5 3
5 5 1
5 6 1
4 6 0
3 6 0
2 6 0
1 6 0
1 5 1
1 4 0
1 3 0
1 2 0
0 2 2
0 1 1
1 1 0
2 1 0
3 1 0
4 1 1
4 0 1
5 0 0
5 1 0
6 1 1
6 0 1
7 0 0
8 0 0
9 0 0
9 1 1
9 2 3
8 2 0
7 2 0
6 2 0
5 2 1
5 3 0
6 3 0
7 3 0
8 3 0
9 3 0
9 4 1
9 5 1
9 6 3
8 6 0
