59
10
8
20
10
10
10
20
10
10
20
20
40
40
40
10
40
10
10
60
10
10
10
10
40
20
10
20
10
10
20
30
40
10
10
20
10
10
40
10
10
40
20
10
20
40
10
10
10
10
20
20
40
10
20
10
40
30
20
20
40
10
30
20
10
30
20
20
20
40
10
10
20
10
10
20
10
20
10
10
20
51
20
42
9 6 1
9 7 3
8 7 0
7 7 2
7 6 0
7 5 1
7 4 0
6 4 0
5 4 0
4 4 0
3 4 0
2 4 0
1 4 0
0 4 1
0 5 1
0 6 1
0 7 2
1 7 0
2 7 0
3 7 0
4 7 3
4 6 0
3 6 0
2 6 2
2 5 1
3 5 1
3 4 0
3 3 0
2 3 0
1 3 0
1 2 1
2 2 0
3 2 0
4 2 0
5 2 1
5 1 0
4 1 0
3 1 0
2 1 0
1 1 0
1 0 1
2 0 0
