63
10
8
20
10
10
20
10
10
20
20
20
40
51
30
20
10
40
20
20
10
10
10
10
20
40
20
10
40
10
40
20
10
30
10
20
30
40
10
40
20
40
20
20
10
30
30
10
10
10
20
20
10
10
20
10
10
10
10
20
10
20
10
10
40
40
20
20
40
10
30
30
30
20
10
20
20
10
20
20
10
10
60
46
1 2 1
1 3 0
1 4 2
2 4 0
3 4 3
3 3 0
2 3 0
1 3 0
0 3 1
0 4 1
0 5 1
0 6 2
1 6 0
1 7 2
2 7 3
2 6 1
3 6 0
4 6 0
4 7 2
5 7 3
5 6 1
5 5 1
5 4 1
5 3 0
5 2 0
5 1 1
5 0 1
6 0 0
6 1 1
6 2 1
6 3 2
7 3 0
8 3 0
9 3 3
9 2 1
9 1 0
8 1 1
8 2 1
8 3 0
8 4 0
8 5 0
8 6 3
7 6 1
7 7 2
8 7 0
9 7 0
