59
10
8
20
10
10
10
20
10
20
60
10
10
10
10
30
40
10
10
10
40
40
10
10
10
10
20
20
30
40
20
10
10
40
20
10
20
10
20
30
20
10
20
20
30
30
20
30
20
10
10
20
10
10
40
40
10
10
10
10
20
40
20
40
20
10
20
10
40
52
30
30
40
10
10
20
20
20
10
20
20
20
20
42
8 2 2
9 2 0
9 3 1
9 4 3
8 4 0
7 4 0
7 3 0
6 3 1
6 4 1
5 4 0
4 4 0
3 4 0
2 4 0
1 4 0
0 4 2
0 3 1
0 2 1
0 1 1
0 0 1
1 0 0
2 0 0
3 0 0
3 1 0
3 2 1
2 2 0
2 1 1
3 1 0
4 1 0
4 2 1
4 3 2
5 3 0
5 4 0
5 5 3
4 5 1
4 6 1
4 7 3
3 7 2
3 6 0
2 6 0
1 6 0
0 6 1
0 7 0
