62
10
8
20
20
10
10
53
20
10
20
20
30
10
20
20
10
10
10
10
30
20
20
40
20
10
10
20
10
10
10
20
10
20
10
10
20
10
10
10
10
30
20
20
20
30
20
30
20
40
20
10
30
30
10
10
20
10
20
20
20
30
30
20
40
10
20
20
10
20
40
10
10
20
20
60
20
20
10
10
20
10
20
44
0 4 3
0 3 1
0 2 1
0 1 1
1 1 0
2 1 0
3 1 0
4 1 0
4 2 1
4 3 1
4 4 1
4 5 1
4 6 0
4 7 3
3 7 0
2 7 0
1 7 0
0 7 2
0 6 1
0 5 1
1 5 0
2 5 3
2 4 1
3 4 0
3 5 1
3 6 2
4 6 0
5 6 1
5 5 1
6 5 0
6 6 1
6 7 2
7 7 3
7 6 1
7 5 1
8 5 0
9 5 3
9 4 1
9 3 1
9 2 0
8 2 2
8 1 1
8 0 1
9 0 0
