60
10
8
20
10
10
20
10
20
10
53
20
20
10
10
40
20
10
10
20
10
10
10
20
10
10
10
20
10
10
40
40
40
10
10
20
40
20
10
10
40
40
10
20
20
10
10
10
10
30
20
10
10
30
10
20
10
20
20
20
10
20
10
40
40
20
20
60
40
30
20
40
10
20
20
20
10
10
10
10
10
10
20
42
0 7 3
0 6 1
0 5 1
1 5 3
1 4 1
2 4 3
2 3 1
2 2 1
2 1 1
2 0 1
3 0 0
3 1 1
3 2 1
3 3 0
4 3 0
5 3 0
6 3 0
7 3 0
8 3 0
8 4 1
7 4 1
7 5 1
6 5 0
5 5 0
4 5 1
4 6 0
5 6 0
6 6 0
6 7 2
7 7 3
7 6 1
8 6 0
8 7 2
9 7 3
9 6 1
9 5 1
9 4 1
9 3 1
9 2 1
9 1 1
9 0 0
8 0 0
