59
10
8
20
20
20
10
20
10
10
60
10
30
30
20
20
30
10
10
10
10
30
10
10
20
20
10
10
10
20
20
10
10
20
10
10
10
20
20
10
20
10
10
10
10
20
10
20
20
20
20
10
10
10
30
10
40
20
10
20
20
10
10
10
10
20
20
10
10
50
20
10
20
20
10
20
10
10
20
10
20
10
20
44
8 2 0
7 2 0
6 2 0
5 2 1
5 3 1
5 4 3
4 4 0
3 4 0
2 4 0
1 4 2
1 3 1
2 3 0
3 3 3
3 2 0
2 2 0
1 2 0
0 2 2
0 1 1
1 1 0
2 1 0
3 1 0
4 1 0
5 1 0
6 1 0
7 1 3
7 0 1
8 0 0
9 0 0
9 1 1
9 2 1
9 3 3
8 3 1
8 4 1
8 5 3
7 5 0
6 5 1
6 6 3
5 6 1
5 7 3
4 7 0
3 7 0
2 7 0
1 7 0
0 7 0
