65
10
8
20
20
20
20
20
20
20
20
10
40
10
40
40
20
30
20
10
40
20
40
10
10
10
52
10
10
40
30
30
30
10
10
20
40
40
40
10
10
10
10
10
20
40
10
30
30
20
10
10
10
20
20
30
30
20
10
10
40
10
30
30
10
30
10
20
20
10
20
10
30
40
10
60
10
10
20
20
20
10
20
49
2 7 2
3 7 0
4 7 0
5 7 0
6 7 0
7 7 0
8 7 0
9 7 3
9 6 1
9 5 0
8 5 0
7 5 0
6 5 0
5 5 0
4 5 0
3 5 0
2 5 0
1 5 2
1 4 0
0 4 2
0 3 1
1 3 1
1 2 1
1 1 0
0 1 2
0 0 1
1 0 0
2 0 0
3 0 0
4 0 0
4 1 0
5 1 0
5 2 1
4 2 1
4 3 0
5 3 0
6 3 0
6 4 0
6 5 0
6 6 2
7 6 0
8 6 1
8 5 0
8 4 1
8 3 1
9 3 3
9 2 1
9 1 1
9 0 0
