60
10
8
20
10
10
20
20
10
20
20
10
51
20
40
40
10
10
10
10
10
10
10
40
30
10
10
10
10
20
10
10
10
40
10
10
40
20
40
40
40
10
10
10
10
10
10
10
10
40
20
20
10
20
10
10
10
40
10
20
20
20
40
40
20
10
20
10
10
30
10
10
40
40
10
20
10
10
20
10
20
10
60
45
1 1 1
1 2 2
2 2 0
3 2 0
3 3 1
3 4 1
3 5 1
3 6 1
2 6 0
1 6 0
0 6 2
0 5 1
0 4 1
1 4 1
1 3 0
0 3 2
0 2 1
0 1 1
0 0 1
1 0 0
2 0 0
3 0 0
4 0 0
5 0 0
6 0 0
6 1 1
6 2 3
5 2 0
4 2 1
4 3 0
5 3 0
6 3 0
7 3 0
7 4 1
6 4 0
5 4 0
4 4 1
4 5 0
5 5 0
6 5 0
7 5 0
7 6 1
7 7 2
8 7 0
9 7 0
