62
10
8
20
20
20
20
20
10
20
60
20
20
30
20
10
20
30
20
10
10
30
30
30
30
30
20
20
20
40
30
30
10
30
20
20
10
30
10
20
40
10
10
10
30
20
20
20
30
30
20
20
30
30
40
30
20
20
10
10
40
20
10
30
10
10
20
52
30
10
10
20
20
20
20
20
20
20
20
20
20
20
20
42
8 0 2
9 0 0
9 1 3
8 1 0
7 1 1
7 2 3
6 2 0
5 2 1
5 3 3
4 3 0
3 3 0
2 3 0
1 3 2
1 2 0
1 1 0
0 1 1
0 2 2
1 2 0
2 2 0
3 2 0
3 3 0
3 4 0
3 5 1
3 6 0
3 7 2
4 7 0
5 7 3
5 6 0
5 5 0
5 4 0
4 4 1
4 5 0
5 5 0
6 5 0
6 6 3
5 6 0
4 6 0
3 6 0
2 6 0
1 6 0
0 6 1
0 7 0
