62
10
8
20
20
20
10
10
10
10
20
10
10
20
20
40
40
40
60
20
20
10
20
10
40
10
20
20
10
10
10
30
20
10
10
10
20
10
10
20
10
10
10
10
40
40
40
20
30
30
10
10
10
20
10
40
10
20
10
10
10
20
20
20
20
10
20
10
50
30
40
10
20
20
20
20
20
10
10
10
20
20
20
44
8 1 0
7 1 0
6 1 0
5 1 1
5 2 0
6 2 0
6 3 1
6 4 0
7 4 3
7 3 1
8 3 0
8 4 1
8 5 3
7 5 1
7 6 1
7 7 3
6 7 0
5 7 0
4 7 0
3 7 0
2 7 2
2 6 1
2 5 0
1 5 0
1 4 1
2 4 0
3 4 0
4 4 3
4 3 1
4 2 1
4 1 0
3 1 0
2 1 1
2 2 1
2 3 3
1 3 2
1 2 0
0 2 1
0 3 1
0 4 1
0 5 1
0 6 1
0 7 2
1 7 0
