60
10
8
20
10
20
10
10
10
20
20
10
30
20
30
10
20
20
52
20
20
20
30
20
10
10
10
20
20
20
30
30
30
20
10
10
20
20
20
30
20
20
10
10
20
20
10
10
20
10
10
10
10
10
20
20
40
10
10
10
20
30
20
30
10
10
20
10
20
20
30
10
20
30
10
20
10
60
10
10
10
10
20
44
1 7 2
2 7 0
3 7 0
4 7 0
5 7 0
6 7 0
7 7 3
7 6 1
7 5 1
7 4 0
7 3 0
6 3 1
6 4 3
5 4 0
4 4 0
3 4 0
2 4 2
2 3 0
2 2 0
1 2 1
1 3 0
1 4 1
1 5 2
2 5 0
3 5 0
4 5 0
4 6 3
3 6 2
3 5 0
3 4 0
3 3 0
3 2 1
4 2 3
4 1 0
3 1 2
3 0 1
4 0 0
5 0 0
6 0 0
7 0 0
8 0 0
9 0 0
9 1 1
9 2 0
