63
10
8
20
20
60
20
10
20
10
20
10
10
40
10
30
20
30
10
20
10
20
40
20
20
20
20
10
40
10
10
10
40
40
20
10
10
40
40
20
10
20
10
20
10
10
20
30
10
10
10
10
10
40
10
40
20
20
20
20
40
40
10
20
40
10
20
20
10
10
20
10
20
10
52
20
20
20
10
20
20
10
20
42
8 7 2
9 7 3
9 6 1
9 5 0
8 5 2
8 4 1
8 3 0
7 3 0
6 3 0
5 3 2
5 2 1
5 1 1
5 0 0
4 0 0
3 0 0
2 0 1
2 1 1
2 2 2
3 2 0
4 2 0
4 3 1
3 3 0
2 3 1
2 4 2
3 4 0
4 4 0
4 5 1
4 6 2
5 6 0
6 6 0
6 7 3
5 7 0
4 7 0
3 7 2
3 6 0
2 6 2
2 5 0
1 5 2
1 4 0
1 3 1
1 2 0
0 2 0
