62
10
8
20
20
10
10
10
10
60
20
10
40
20
30
20
40
30
10
20
10
10
30
30
40
20
10
10
10
20
10
30
10
30
20
10
20
30
20
10
20
30
20
10
10
20
20
20
20
30
10
10
30
30
20
20
20
40
10
10
30
10
20
40
20
10
10
50
20
10
10
30
30
20
10
20
10
10
20
20
10
10
20
47
8 0 0
7 0 0
6 0 0
5 0 0
4 0 0
3 0 0
2 0 1
2 1 1
2 2 1
2 3 0
2 4 0
2 5 1
1 5 0
1 4 1
2 4 0
3 4 0
4 4 0
5 4 0
5 5 2
6 5 0
6 6 0
7 6 0
8 6 3
8 5 0
8 4 0
8 3 1
8 2 1
8 1 0
7 1 0
6 1 0
5 1 0
4 1 1
4 2 0
4 3 2
5 3 3
5 2 0
4 2 0
3 2 1
3 3 1
3 4 0
3 5 1
3 6 0
3 7 3
2 7 0
1 7 0
0 7 2
0 6 0
