62
10
8
20
20
10
10
20
20
20
20
20
10
10
20
30
40
30
10
20
30
10
40
10
20
20
10
10
20
10
10
10
40
30
50
10
10
40
20
20
40
10
20
10
10
20
30
30
10
20
10
10
40
10
10
30
30
40
10
20
30
30
40
10
40
20
10
20
30
40
10
10
30
30
20
60
20
10
20
20
20
10
20
46
3 7 0
2 7 0
1 7 0
0 7 2
0 6 1
1 6 0
2 6 3
2 5 0
1 5 0
1 4 0
1 3 1
2 3 1
2 2 1
2 1 0
2 0 1
3 0 0
4 0 0
5 0 0
6 0 0
7 0 0
7 1 0
7 2 0
7 3 0
8 3 0
9 3 0
9 4 3
8 4 0
7 4 0
6 4 0
5 4 0
4 4 1
4 5 0
5 5 0
6 5 0
7 5 0
7 6 3
6 6 0
6 5 0
6 4 0
6 3 1
6 2 1
6 1 1
7 1 0
8 1 0
9 1 3
9 0 0
