59
10
8
20
20
10
10
20
20
10
20
10
40
10
10
20
30
30
60
10
10
20
30
30
10
30
20
10
40
40
20
10
10
10
20
10
20
20
30
20
20
10
20
10
10
20
30
40
30
30
20
10
30
40
40
20
30
30
10
10
30
30
20
30
10
20
20
20
10
10
30
10
40
20
20
20
51
10
20
10
20
10
20
43
9 1 1
9 2 1
9 3 3
8 3 0
7 3 1
7 4 0
7 5 1
7 6 2
8 6 0
8 7 2
9 7 3
9 6 1
9 5 0
8 5 0
8 4 1
8 3 0
8 2 1
8 1 1
8 0 0
7 0 0
6 0 0
5 0 0
4 0 0
3 0 0
2 0 0
1 0 0
0 0 1
0 1 2
1 1 0
1 2 1
1 3 1
1 4 2
2 4 0
3 4 0
4 4 0
4 5 3
3 5 0
2 5 0
1 5 0
0 5 1
0 6 1
0 7 2
1 7 0
