63
10
8
20
10
10
10
10
20
20
20
20
10
10
40
40
10
10
20
10
40
40
10
20
10
10
10
20
40
10
40
40
10
40
20
10
20
10
40
20
20
30
10
10
10
10
10
20
10
10
10
20
40
40
10
40
10
10
20
10
20
20
10
10
40
10
10
52
40
10
20
10
10
10
60
20
20
10
10
20
10
10
20
46
8 0 2
9 0 0
9 1 3
8 1 1
8 2 1
8 3 3
7 3 0
6 3 0
5 3 0
4 3 0
4 2 1
4 1 0
3 1 0
3 0 0
2 0 0
1 0 1
1 1 1
1 2 1
1 3 0
2 3 0
3 3 0
3 4 0
4 4 0
4 5 3
3 5 0
2 5 0
1 5 0
0 5 1
0 6 2
1 6 0
2 6 0
3 6 0
3 7 2
4 7 0
5 7 0
6 7 3
6 6 1
6 5 1
6 4 1
7 4 0
8 4 0
9 4 0
9 5 1
9 6 1
9 7 3
8 7 0
