63
10
8
20
20
10
10
20
10
20
20
10
10
10
20
10
20
20
10
10
10
20
10
10
20
20
10
10
20
20
20
20
20
20
20
20
20
20
20
10
10
20
20
10
10
20
10
20
40
10
10
10
10
20
20
20
20
20
20
20
20
51
10
10
20
10
20
10
10
10
20
10
10
20
10
20
20
10
20
10
20
20
60
42
7 2 1
7 3 1
7 4 1
7 5 3
6 5 1
6 6 3
5 6 0
4 6 1
4 7 3
3 7 2
3 6 0
2 6 2
2 5 0
1 5 1
1 6 3
0 6 2
0 5 1
0 4 1
1 4 0
2 4 0
3 4 3
3 3 1
4 3 3
4 2 0
3 2 2
3 1 1
4 1 3
4 0 1
5 0 0
6 0 0
7 0 0
7 1 2
8 1 0
9 1 0
9 2 1
9 3 3
8 3 1
8 4 1
8 5 1
8 6 2
9 6 0
9 7 0
