62
10
8
20
20
20
10
10
20
10
20
10
40
20
30
10
40
30
20
10
10
40
30
20
30
20
10
10
30
30
10
30
40
10
10
20
20
10
10
10
20
60
10
20
30
40
40
30
30
10
10
10
10
20
40
40
30
10
10
20
30
10
40
10
40
30
20
10
30
30
30
10
40
20
10
20
20
20
20
20
10
53
20
46
9 6 3
9 5 1
9 4 0
8 4 0
7 4 0
6 4 0
6 3 1
7 3 1
7 2 1
7 1 0
7 0 1
8 0 0
9 0 0
9 1 3
8 1 0
7 1 0
6 1 0
5 1 0
4 1 2
4 0 0
3 0 0
2 0 0
1 0 0
0 0 1
0 1 2
1 1 0
1 2 3
0 2 1
0 3 1
0 4 1
0 5 2
1 5 0
1 6 0
1 7 2
2 7 0
3 7 0
4 7 0
5 7 0
6 7 0
7 7 3
7 6 0
7 5 0
6 5 0
5 5 0
4 5 1
4 6 0
