60
10
8
20
20
20
10
10
20
20
20
10
40
10
20
20
30
10
10
10
30
10
40
40
40
10
10
20
30
10
30
20
50
30
20
20
40
20
40
20
10
30
20
10
30
40
20
30
30
40
20
20
30
30
30
30
30
40
10
10
40
30
30
30
30
20
60
10
40
30
20
10
30
10
20
20
10
20
20
10
10
10
20
43
3 5 0
2 5 0
2 4 1
3 4 3
3 3 0
3 2 1
3 1 0
3 0 1
4 0 0
4 1 0
5 1 0
6 1 0
7 1 0
7 2 0
7 3 0
7 4 0
7 5 0
7 6 3
6 6 0
6 5 0
6 4 0
6 3 0
6 2 0
6 1 0
6 0 1
7 0 0
8 0 0
9 0 0
9 1 1
9 2 3
8 2 0
7 2 0
6 2 0
5 2 1
5 3 2
6 3 0
7 3 0
8 3 0
8 4 1
8 5 0
8 6 1
8 7 3
7 7 0
