64
10
8
20
20
10
20
10
10
20
60
20
10
20
20
30
30
30
20
20
20
10
30
30
20
20
10
20
20
30
52
30
20
40
20
20
30
40
40
30
20
30
20
20
30
30
30
10
30
10
10
10
20
30
20
20
40
10
20
20
30
40
10
30
20
20
20
20
20
30
30
40
10
20
20
20
10
10
10
20
10
20
20
44
3 3 2
4 3 0
4 4 0
4 5 2
5 5 0
6 5 0
6 6 1
6 7 2
7 7 3
7 6 1
8 6 3
8 5 1
8 4 0
7 4 0
6 4 1
6 5 0
7 5 3
7 4 0
7 3 1
7 2 0
6 2 0
5 2 0
4 2 1
4 3 0
5 3 0
6 3 3
6 2 0
6 1 0
5 1 0
4 1 0
3 1 2
3 0 0
2 0 1
2 1 3
1 1 0
0 1 1
0 2 1
0 3 2
1 3 0
1 4 0
1 5 0
1 6 0
1 7 3
0 7 0
