64
10
8
20
20
20
20
20
10
20
20
10
10
40
30
10
20
30
20
20
10
10
10
20
30
10
20
10
20
30
20
10
40
10
10
20
20
10
40
10
30
20
10
20
30
30
10
20
52
40
20
10
40
40
10
30
20
30
10
10
20
10
40
40
20
60
10
20
30
30
30
30
10
20
10
20
10
10
20
20
10
10
20
46
5 5 2
6 5 3
6 4 0
6 3 1
6 2 0
5 2 0
4 2 0
3 2 0
2 2 0
1 2 1
1 3 0
1 4 1
1 5 2
2 5 0
3 5 1
3 4 1
3 3 1
4 3 0
4 4 1
4 5 0
4 6 2
5 6 0
5 7 2
6 7 0
7 7 0
8 7 0
9 7 3
9 6 1
9 5 1
9 4 0
8 4 0
7 4 0
7 3 1
8 3 0
9 3 3
9 2 1
9 1 1
9 0 0
8 0 1
8 1 0
8 2 0
8 3 0
8 4 0
8 5 1
8 6 3
7 6 0
