63
10
8
20
10
10
20
20
20
10
20
60
20
40
10
30
30
30
20
10
10
30
10
40
40
20
20
10
40
30
30
50
20
30
10
10
40
10
20
30
40
40
10
10
10
40
40
20
30
40
20
20
20
10
30
40
30
40
20
10
10
20
30
30
30
30
20
10
30
30
10
30
20
30
20
20
20
20
20
20
20
10
20
45
3 4 0
2 4 1
2 5 1
1 5 0
0 5 1
0 6 1
0 7 2
1 7 3
1 6 0
1 5 0
1 4 0
1 3 1
1 2 1
2 2 0
3 2 0
4 2 0
5 2 0
5 3 1
4 3 1
4 4 0
4 5 0
5 5 0
6 5 0
7 5 0
8 5 0
8 6 0
8 7 3
7 7 2
7 6 0
7 5 0
7 4 0
7 3 0
7 2 1
8 2 0
9 2 3
9 1 0
8 1 0
7 1 0
6 1 2
6 0 0
5 0 0
4 0 0
3 0 0
2 0 0
1 0 0
