62
10
8
20
10
10
20
10
10
20
20
20
30
10
20
40
20
10
10
10
10
40
30
40
20
20
10
10
20
10
20
20
51
40
20
20
10
30
20
40
40
10
10
20
30
10
10
40
20
10
20
10
40
20
40
40
30
30
20
20
10
10
40
20
30
10
20
20
10
40
40
20
10
10
10
20
10
10
20
20
10
10
60
43
3 5 1
3 6 1
2 6 2
2 5 0
1 5 2
1 4 1
2 4 1
2 3 0
2 2 1
3 2 0
4 2 0
5 2 0
6 2 0
6 3 1
5 3 0
4 3 2
4 2 0
4 1 1
4 0 0
3 0 0
2 0 0
1 0 1
1 1 0
1 2 1
1 3 2
2 3 0
3 3 0
3 4 2
4 4 0
4 5 0
5 5 0
5 6 1
5 7 2
6 7 3
6 6 0
6 5 0
6 4 1
7 4 0
7 5 0
7 6 1
7 7 2
8 7 0
9 7 0
