63
10
8
20
10
20
20
20
10
10
20
20
30
10
10
10
30
10
20
10
20
20
20
20
20
30
20
50
20
30
30
20
20
20
10
10
30
40
20
10
10
10
20
20
10
20
10
20
20
20
10
10
60
10
20
20
10
20
20
10
20
10
10
10
30
10
10
10
30
10
10
20
40
20
10
20
10
10
10
10
10
10
20
47
3 0 0
2 0 0
1 0 1
1 1 0
1 2 1
1 3 1
1 4 1
1 5 0
1 6 1
1 7 2
2 7 3
2 6 0
2 5 1
3 5 0
3 6 2
4 6 0
5 6 3
5 5 1
6 5 0
7 5 0
8 5 0
8 6 3
7 6 0
6 6 1
6 7 2
7 7 0
8 7 0
9 7 3
9 6 1
9 5 1
9 4 1
9 3 1
9 2 1
9 1 1
9 0 0
8 0 0
7 0 0
6 0 0
5 0 1
5 1 1
5 2 3
4 2 1
4 3 2
5 3 0
6 3 3
6 2 1
6 1 0
