65
10
8
20
20
10
10
10
10
20
20
10
20
10
10
10
10
30
20
10
10
40
40
10
10
40
10
50
40
10
30
10
20
20
10
20
10
40
40
20
10
10
20
20
10
20
20
30
10
40
10
20
40
10
10
30
30
60
10
10
40
10
10
10
40
20
10
10
40
10
10
40
10
30
20
20
10
10
10
10
20
20
20
50
3 0 0
2 0 0
1 0 0
0 0 1
0 1 2
1 1 0
1 2 1
1 3 1
1 4 1
1 5 1
1 6 0
1 7 3
0 7 2
0 6 1
1 6 0
2 6 1
2 5 1
2 4 1
2 3 1
3 3 0
4 3 0
4 4 2
5 4 0
6 4 0
7 4 0
8 4 0
8 5 1
8 6 0
8 7 2
9 7 3
9 6 0
8 6 0
7 6 2
7 5 0
6 5 0
5 5 0
4 5 0
3 5 2
3 4 1
3 3 0
3 2 1
3 1 1
4 1 0
5 1 0
6 1 0
6 2 1
6 3 1
6 4 0
6 5 0
6 6 0
