61
10
8
20
20
10
10
10
10
10
20
20
30
10
10
10
10
40
10
10
10
20
10
10
30
40
20
10
10
40
10
20
10
10
10
10
10
60
52
10
30
20
10
20
20
10
10
10
40
20
20
10
10
20
10
10
40
10
20
10
30
20
30
10
40
10
10
20
20
20
10
20
30
40
20
20
20
10
20
20
10
20
20
46
4 3 2
5 3 0
6 3 0
7 3 0
8 3 0
9 3 3
9 2 1
9 1 0
8 1 2
8 0 0
7 0 0
6 0 0
5 0 1
5 1 3
4 1 0
3 1 0
2 1 0
1 1 0
0 1 2
0 0 1
1 0 0
1 1 0
1 2 1
1 3 1
1 4 1
1 5 1
1 6 0
2 6 0
2 7 2
3 7 0
4 7 0
5 7 3
5 6 1
6 6 0
7 6 0
8 6 1
8 5 0
8 4 0
7 4 0
6 4 0
5 4 0
4 4 0
3 4 2
3 3 1
3 2 1
4 2 0
