62
10
8
20
20
20
10
10
10
10
20
10
10
20
10
20
40
10
10
20
40
10
20
40
10
10
10
10
10
10
20
10
10
40
10
10
10
40
30
10
20
10
10
10
40
30
30
30
10
40
10
10
10
20
30
20
10
52
10
20
10
40
10
10
10
20
20
10
10
10
10
40
60
30
10
20
20
20
20
20
20
20
20
48
6 6 2
7 6 0
7 7 3
6 7 0
5 7 0
4 7 0
3 7 0
2 7 0
1 7 0
0 7 2
0 6 1
0 5 1
0 4 1
0 3 1
0 2 1
1 2 0
1 3 1
1 4 2
2 4 1
2 3 1
3 3 0
3 4 1
3 5 1
3 6 0
4 6 0
5 6 1
5 5 1
5 4 0
5 3 0
5 2 0
5 1 0
4 1 0
3 1 0
2 1 0
2 0 1
3 0 0
4 0 0
5 0 0
6 0 0
7 0 0
7 1 1
7 2 1
6 2 1
6 3 0
6 4 2
7 4 0
8 4 0
8 5 0
