65
10
8
20
10
20
60
10
20
20
20
20
30
10
20
10
20
10
10
20
40
10
30
30
30
20
10
10
30
10
20
20
20
30
20
10
30
40
20
40
30
30
20
20
20
51
10
10
30
40
10
20
20
20
40
30
20
10
20
20
20
20
10
10
40
10
20
20
10
20
20
30
20
10
20
20
20
20
20
20
10
10
20
43
5 2 1
5 3 1
5 4 1
5 5 0
5 6 1
4 6 0
3 6 0
2 6 2
2 5 0
2 4 0
2 3 0
2 2 1
2 1 1
3 1 0
4 1 0
5 1 3
5 0 1
6 0 0
6 1 2
7 1 3
7 0 1
8 0 0
8 1 1
8 2 3
7 2 1
7 3 1
7 4 1
7 5 1
6 5 1
6 6 1
6 7 3
5 7 0
4 7 2
4 6 0
4 5 0
4 4 0
3 4 1
3 5 3
2 5 0
1 5 2
1 4 1
1 3 0
0 3 0
