64
10
8
20
10
20
20
20
10
10
20
10
20
10
20
10
20
60
10
20
10
40
30
20
10
10
10
10
30
10
20
20
10
10
10
10
30
30
30
10
10
20
20
10
20
10
10
30
20
10
10
10
20
30
30
10
10
20
10
10
30
10
30
20
20
30
20
10
30
10
20
40
30
20
20
20
10
53
10
20
20
20
20
49
9 2 3
9 1 1
9 0 0
8 0 0
7 0 0
6 0 0
5 0 0
4 0 0
3 0 0
2 0 1
2 1 1
2 2 1
1 2 0
0 2 1
0 3 2
1 3 0
1 4 1
1 5 2
2 5 0
3 5 0
4 5 0
5 5 3
5 4 0
5 3 1
5 2 1
5 1 1
6 1 0
6 2 0
6 3 0
6 4 1
6 5 1
6 6 2
7 6 0
8 6 3
8 5 0
8 4 1
9 4 0
9 5 3
8 5 0
7 5 1
7 6 0
7 7 3
6 7 0
5 7 0
4 7 2
4 6 0
3 6 0
2 6 0
1 6 0
