64
10
8
20
10
10
20
20
10
20
20
10
30
30
20
40
10
30
20
10
20
40
10
10
10
30
20
10
20
10
10
40
30
10
50
10
30
30
30
30
10
60
10
10
30
20
10
30
20
10
10
10
40
30
10
40
20
30
20
20
20
40
40
20
30
30
10
10
40
30
10
20
30
30
10
20
10
20
20
10
10
10
20
51
3 7 0
2 7 2
2 6 0
2 5 1
2 4 1
2 3 1
2 2 1
3 2 0
4 2 0
5 2 0
5 3 1
5 4 0
5 5 2
6 5 0
6 6 0
6 7 2
7 7 0
8 7 0
9 7 3
9 6 1
9 5 1
9 4 1
9 3 0
8 3 0
7 3 1
7 4 3
6 4 0
6 3 1
6 2 0
6 1 1
7 1 3
7 0 0
6 0 0
5 0 0
4 0 0
3 0 0
2 0 0
1 0 0
0 0 1
0 1 1
0 2 1
0 3 2
1 3 0
1 4 1
0 4 1
0 5 1
0 6 2
1 6 0
2 6 0
3 6 0
4 6 0
