61
10
8
20
10
10
10
10
20
20
60
10
30
30
20
30
53
30
20
10
30
30
30
10
30
10
10
10
40
10
40
30
30
30
10
10
20
30
20
30
20
30
10
10
10
20
30
30
30
40
10
10
40
40
30
20
40
10
20
10
20
30
30
30
30
10
20
20
40
30
30
20
40
10
10
20
10
20
20
10
10
20
20
48
1 5 3
1 4 0
1 3 1
2 3 0
3 3 1
3 2 1
3 1 1
4 1 0
4 2 0
4 3 2
5 3 0
6 3 0
7 3 0
8 3 0
9 3 3
9 2 0
8 2 0
7 2 0
6 2 0
6 1 1
7 1 0
7 2 0
7 3 0
7 4 0
7 5 0
7 6 1
7 7 3
6 7 2
6 6 1
6 5 1
7 5 0
8 5 1
8 4 0
7 4 0
6 4 2
6 3 0
6 2 0
5 2 1
5 3 0
5 4 0
5 5 0
5 6 1
4 6 0
3 6 0
2 6 0
1 6 0
0 6 1
0 7 0
