61
10
8
20
20
10
20
10
10
10
20
20
10
30
10
10
40
10
10
20
10
10
20
10
10
30
20
10
40
30
40
10
40
10
20
10
40
10
10
20
51
10
20
10
10
40
20
40
10
10
20
20
40
30
30
40
10
10
10
20
10
20
40
10
10
30
20
20
10
10
30
10
60
40
10
20
10
10
20
10
10
10
20
45
4 5 1
4 6 1
4 7 3
3 7 2
3 6 1
3 5 0
2 5 0
1 5 0
1 4 1
1 3 1
1 2 0
1 1 1
1 0 1
2 0 0
2 1 1
2 2 1
2 3 2
3 3 1
3 2 0
3 1 1
4 1 0
4 2 1
4 3 1
4 4 2
5 4 0
5 5 1
5 6 1
5 7 2
6 7 0
7 7 3
7 6 0
7 5 1
7 4 1
7 3 1
8 3 0
9 3 3
9 2 1
9 1 1
9 0 0
8 0 1
8 1 1
8 2 1
8 3 0
8 4 1
8 5 0
