62
10
8
20
20
60
10
20
20
10
20
20
20
10
20
20
20
10
10
10
10
10
10
10
20
30
10
20
40
10
51
30
10
20
10
10
30
20
10
40
20
20
10
20
10
30
10
10
40
10
10
10
20
10
40
10
20
40
20
10
10
40
10
30
20
10
10
10
30
30
40
20
20
40
10
20
20
20
10
20
20
10
20
45
3 3 1
3 4 0
3 5 1
3 6 2
4 6 3
4 5 1
5 5 1
5 4 1
5 3 1
5 2 0
5 1 1
5 0 1
6 0 0
7 0 0
8 0 0
9 0 0
9 1 3
8 1 0
7 1 0
6 1 1
6 2 1
6 3 0
7 3 0
8 3 0
8 4 2
9 4 0
9 5 3
8 5 1
8 6 1
7 6 0
6 6 1
6 7 3
5 7 0
4 7 0
3 7 0
2 7 0
1 7 0
0 7 2
0 6 1
0 5 1
1 5 3
1 4 0
0 4 2
0 3 1
0 2 0
