64
10
8
20
10
10
60
20
20
10
20
10
20
10
51
10
20
20
10
10
30
10
10
20
20
20
10
10
10
20
20
10
10
10
10
20
30
10
10
10
20
10
10
20
10
30
10
20
10
10
20
20
20
10
10
20
20
10
20
20
20
20
10
10
30
10
20
20
10
30
20
10
20
30
20
20
10
10
20
10
20
20
20
48
1 3 1
1 4 1
1 5 2
2 5 0
2 6 2
3 6 0
4 6 0
5 6 0
6 6 0
7 6 0
8 6 0
9 6 0
9 7 3
8 7 2
8 6 0
8 5 1
9 5 3
9 4 1
9 3 0
8 3 2
8 2 0
8 1 1
8 0 0
7 0 1
7 1 3
6 1 2
6 0 0
5 0 1
5 1 1
5 2 0
5 3 1
5 4 2
6 4 0
6 5 3
5 5 0
4 5 2
4 4 1
4 3 1
4 2 1
4 1 0
4 0 0
3 0 0
2 0 0
1 0 0
0 0 1
0 1 1
0 2 1
0 3 0
