62
10
8
20
10
10
10
20
20
10
20
20
10
10
10
40
40
30
20
20
20
40
20
10
20
10
10
10
10
10
30
30
10
40
20
10
10
20
10
10
10
10
20
10
50
10
20
20
30
10
10
20
20
10
20
10
10
10
10
20
10
20
30
20
30
40
20
60
30
30
20
20
40
40
10
20
10
10
10
20
10
20
20
45
5 1 0
4 1 0
3 1 0
2 1 2
2 0 0
1 0 1
1 1 1
1 2 1
1 3 1
1 4 1
0 4 1
0 5 2
1 5 0
1 6 0
1 7 2
2 7 0
3 7 3
3 6 1
4 6 0
5 6 0
6 6 0
7 6 1
7 5 0
7 4 0
6 4 0
5 4 2
5 3 0
4 3 0
3 3 0
2 3 1
2 4 1
2 5 2
3 5 0
4 5 0
5 5 0
6 5 0
7 5 0
8 5 1
8 4 1
9 4 3
9 3 1
9 2 1
9 1 1
9 0 0
8 0 0
