67
10
8
20
10
10
20
10
52
20
20
20
40
20
40
20
10
30
10
10
10
40
30
40
10
10
20
10
10
10
20
20
30
10
10
20
30
20
10
30
30
20
20
20
40
40
20
30
10
30
20
20
10
20
40
10
30
40
20
20
10
10
30
10
40
10
10
10
10
40
20
40
40
30
20
20
20
20
20
60
20
10
20
47
0 5 2
1 5 0
2 5 0
3 5 0
4 5 0
5 5 0
6 5 0
7 5 1
7 4 1
7 3 0
7 2 1
7 1 1
7 0 0
6 0 1
6 1 1
6 2 3
5 2 0
5 1 0
4 1 0
3 1 0
2 1 0
1 1 0
1 0 0
0 0 1
0 1 1
0 2 1
0 3 2
1 3 0
1 4 2
2 4 1
2 3 0
2 2 1
3 2 0
4 2 0
4 3 1
4 4 0
4 5 0
4 6 2
5 6 0
6 6 0
6 7 2
7 7 0
8 7 3
8 6 0
8 5 1
9 5 3
9 4 0
