64
10
8
20
10
10
20
20
10
10
20
10
40
40
30
20
10
20
20
10
20
40
30
10
20
20
20
10
20
30
10
30
30
30
10
10
30
30
40
10
40
20
10
20
40
30
10
40
30
20
10
20
10
10
10
30
30
30
20
10
20
10
40
20
20
30
10
10
20
10
40
40
40
53
60
20
10
10
10
10
10
10
20
48
8 6 3
8 5 0
7 5 2
7 4 0
6 4 0
5 4 1
5 5 0
5 6 3
4 6 2
4 5 0
3 5 0
2 5 2
2 4 1
2 3 0
2 2 0
1 2 1
1 3 0
1 4 3
0 4 1
0 5 1
0 6 1
0 7 2
1 7 3
1 6 1
2 6 0
2 7 2
3 7 0
4 7 0
5 7 0
6 7 3
6 6 0
6 5 0
6 4 0
6 3 1
6 2 1
6 1 1
6 0 1
7 0 0
8 0 0
9 0 0
9 1 1
9 2 1
9 3 1
9 4 1
9 5 1
9 6 1
9 7 3
8 7 0
