65
10
8
20
53
20
10
20
10
10
20
20
30
10
40
30
40
10
20
20
30
10
20
10
10
30
10
10
30
30
10
30
30
30
20
20
40
30
40
40
10
30
60
10
30
40
30
40
20
20
10
20
10
30
20
20
30
30
10
20
20
30
30
20
20
20
10
20
40
30
40
30
20
30
20
20
10
20
20
10
10
10
20
49
0 1 3
0 0 1
1 0 0
1 1 0
1 2 1
1 3 0
2 3 3
2 2 1
2 1 0
2 0 1
3 0 0
4 0 0
4 1 0
5 1 0
6 1 0
7 1 0
7 2 0
7 3 0
7 4 3
6 4 2
6 3 0
5 3 0
4 3 1
4 4 1
3 4 0
2 4 0
1 4 0
0 4 1
0 5 1
0 6 1
0 7 2
1 7 3
1 6 1
1 5 1
2 5 0
3 5 0
4 5 0
5 5 0
5 6 2
6 6 0
7 6 3
7 5 1
8 5 0
8 6 0
8 7 3
7 7 0
6 7 0
5 7 0
4 7 0
