62
10
8
20
20
60
20
10
10
10
20
10
30
10
20
20
10
40
20
10
30
10
10
30
40
40
20
20
10
10
20
40
10
20
10
10
20
20
10
20
10
10
20
10
20
10
10
10
50
40
10
20
20
30
20
30
20
10
20
10
10
40
30
30
30
10
20
10
40
30
20
20
10
40
20
20
20
20
20
10
20
10
20
43
5 5 0
4 5 0
3 5 0
2 5 1
2 6 1
1 6 0
1 5 1
1 4 1
2 4 0
3 4 1
3 3 1
4 3 0
5 3 0
6 3 3
6 2 0
6 1 1
7 1 0
8 1 0
8 2 0
8 3 2
9 3 0
9 4 1
9 5 3
8 5 0
7 5 0
6 5 1
6 6 1
6 7 2
7 7 3
7 6 1
7 5 0
7 4 0
7 3 0
7 2 0
6 2 0
5 2 0
4 2 2
4 1 0
3 1 0
2 1 0
1 1 0
0 1 1
0 2 0
