62
10
8
20
60
20
20
10
20
10
20
10
30
20
10
10
10
10
10
20
30
30
40
30
10
52
10
20
30
10
10
10
20
30
10
20
20
40
10
30
30
30
10
20
40
30
40
20
40
10
20
10
30
40
30
30
40
40
10
10
30
40
30
30
30
20
20
20
30
40
10
10
30
30
20
20
10
10
10
20
10
20
20
48
2 6 2
3 6 0
4 6 0
5 6 0
6 6 1
6 5 0
5 5 0
5 4 1
6 4 0
7 4 0
8 4 0
9 4 0
9 5 1
9 6 3
8 6 0
7 6 2
7 5 0
7 4 0
7 3 0
7 2 1
8 2 1
8 1 0
8 0 0
7 0 0
6 0 0
5 0 1
5 1 1
4 1 2
4 0 0
3 0 1
3 1 0
3 2 1
3 3 1
3 4 1
3 5 3
2 5 0
1 5 0
0 5 2
0 4 1
0 3 1
1 3 0
2 3 1
2 2 0
2 1 0
2 0 0
1 0 0
0 0 1
0 1 0
