64
10
8
20
10
20
20
10
10
60
20
20
10
30
40
30
52
40
10
10
10
10
10
10
20
40
20
20
30
40
30
20
30
40
10
10
40
40
40
40
40
20
20
10
30
30
10
40
10
20
20
10
30
40
30
20
20
30
20
10
30
40
10
30
20
20
10
20
10
20
30
20
30
10
20
20
10
20
10
10
20
20
20
45
1 5 2
2 5 0
2 6 0
3 6 1
3 5 0
3 4 1
4 4 0
4 5 0
5 5 0
6 5 0
6 6 0
6 7 3
5 7 2
5 6 1
6 6 0
7 6 3
7 5 1
8 5 0
9 5 3
9 4 1
9 3 1
9 2 0
8 2 2
8 1 1
8 0 0
7 0 0
6 0 0
5 0 0
4 0 0
3 0 1
3 1 0
3 2 1
2 2 0
1 2 0
0 2 2
0 1 1
0 0 1
1 0 0
1 1 1
1 2 0
1 3 1
0 3 1
0 4 1
0 5 1
0 6 0
