62
10
8
20
20
20
10
10
10
10
60
20
20
20
10
52
10
10
10
10
20
10
10
10
20
20
10
20
20
10
10
40
20
10
10
10
20
10
20
40
10
10
20
10
10
10
10
20
10
20
10
10
10
20
40
10
20
20
10
10
10
10
10
20
30
10
20
20
10
20
40
10
20
20
10
20
10
10
10
20
20
20
20
45
1 4 2
2 4 0
3 4 1
3 3 1
3 2 1
3 1 1
4 1 0
4 2 1
4 3 2
5 3 0
6 3 1
6 2 1
7 2 0
8 2 3
8 1 1
8 0 1
9 0 0
9 1 1
9 2 1
9 3 1
9 4 3
8 4 0
7 4 1
7 5 0
7 6 1
7 7 2
8 7 0
9 7 3
9 6 0
8 6 2
8 5 0
7 5 0
6 5 1
6 6 3
5 6 2
5 5 1
5 4 0
4 4 1
4 5 1
4 6 1
4 7 3
3 7 0
2 7 0
1 7 0
0 7 0
