65
10
8
20
10
10
20
10
20
10
20
10
20
10
20
30
10
10
20
20
10
40
10
20
10
20
20
20
20
20
10
20
20
40
10
10
20
10
10
40
20
10
10
10
20
20
20
20
20
20
10
20
30
10
10
10
10
10
20
10
10
60
20
20
10
10
10
20
20
10
20
20
10
40
10
20
10
20
10
20
20
51
20
45
9 6 1
9 7 3
8 7 0
7 7 0
6 7 2
6 6 1
6 5 1
6 4 1
6 3 1
6 2 1
6 1 0
6 0 0
5 0 0
4 0 0
3 0 1
3 1 3
2 1 0
1 1 1
1 2 1
1 3 3
0 3 1
0 4 1
0 5 2
1 5 0
2 5 0
3 5 0
3 6 0
4 6 0
5 6 3
5 5 0
4 5 2
4 4 0
3 4 2
3 3 1
3 2 1
4 2 0
5 2 3
5 1 1
6 1 0
7 1 0
8 1 0
8 2 1
8 3 3
7 3 2
7 2 0
