65
10
8
20
53
20
20
10
10
10
20
10
40
20
40
30
40
20
10
10
40
30
10
30
20
30
20
20
10
30
30
20
30
10
20
10
40
40
40
30
20
30
10
20
30
30
10
20
10
30
10
20
30
30
30
30
30
30
20
20
30
10
60
10
40
30
20
10
10
10
10
40
30
40
10
20
20
20
10
10
20
10
20
50
0 1 3
0 0 1
1 0 0
2 0 0
3 0 0
3 1 1
3 2 0
3 3 0
3 4 2
4 4 0
5 4 3
5 3 1
5 2 0
5 1 0
5 0 1
6 0 0
6 1 0
6 2 0
6 3 0
6 4 0
6 5 0
6 6 0
6 7 2
7 7 3
7 6 0
7 5 0
6 5 0
5 5 0
4 5 2
4 4 0
4 3 0
3 3 0
2 3 0
1 3 0
1 2 1
2 2 0
3 2 0
4 2 1
4 1 1
5 1 0
6 1 0
7 1 0
8 1 0
9 1 3
9 0 0
8 0 0
7 0 1
7 1 0
7 2 1
7 3 0
