63
10
8
20
20
20
20
20
10
20
20
10
40
50
10
30
10
30
20
20
20
40
10
10
20
40
20
10
10
20
20
10
20
20
20
10
10
40
30
30
10
40
20
20
10
10
10
40
10
40
20
20
40
40
10
10
10
20
10
20
20
20
20
30
10
10
10
10
10
10
30
10
20
40
20
20
10
20
20
20
20
10
60
42
1 2 0
0 2 1
0 3 2
1 3 0
2 3 0
3 3 3
3 2 1
4 2 0
4 3 0
4 4 0
4 5 1
4 6 1
3 6 1
3 7 3
2 7 2
2 6 0
1 6 0
0 6 2
0 5 1
0 4 1
1 4 0
2 4 0
3 4 0
4 4 0
5 4 1
5 3 1
5 2 1
5 1 1
5 0 1
6 0 0
6 1 0
7 1 0
7 2 3
6 2 1
6 3 1
6 4 1
6 5 1
6 6 2
7 6 0
8 6 0
8 7 2
9 7 0
