67
10
8
20
10
10
10
20
20
20
20
20
20
20
20
20
20
10
10
20
10
20
20
10
10
10
20
20
40
20
10
20
10
52
10
20
20
10
10
10
20
30
20
20
10
30
10
10
40
10
20
10
20
10
20
10
10
30
10
20
10
30
10
10
10
20
10
10
10
10
30
20
60
10
20
20
20
20
10
20
20
20
20
49
3 6 2
4 6 0
5 6 0
6 6 0
7 6 3
7 5 1
7 4 1
7 3 1
7 2 0
7 1 1
7 0 0
6 0 0
5 0 1
5 1 1
5 2 0
5 3 1
5 4 1
5 5 1
4 5 1
4 6 0
4 7 3
3 7 0
2 7 2
2 6 1
2 5 1
2 4 1
2 3 0
1 3 1
1 4 3
0 4 2
0 3 1
0 2 1
0 1 1
0 0 1
1 0 0
1 1 2
2 1 0
3 1 0
3 2 2
4 2 0
5 2 0
6 2 0
7 2 0
8 2 0
9 2 0
9 3 1
9 4 3
8 4 1
8 5 0
