68
10
8
20
20
20
10
10
20
20
20
20
40
10
20
20
20
20
20
20
10
20
40
10
10
10
10
10
40
40
10
40
20
10
20
10
10
20
10
10
40
20
20
20
10
40
40
52
10
20
20
10
10
10
40
30
20
10
10
10
20
10
20
10
40
20
20
20
40
10
30
20
40
20
10
20
20
20
20
20
20
20
60
44
5 4 2
6 4 0
7 4 0
8 4 3
8 3 0
8 2 1
8 1 0
7 1 1
7 2 1
7 3 3
6 3 1
6 4 0
6 5 3
5 5 0
4 5 0
4 4 1
4 3 1
4 2 0
3 2 1
3 3 1
3 4 1
2 4 0
1 4 2
1 3 1
2 3 1
2 2 0
1 2 0
0 2 1
0 3 1
0 4 1
0 5 2
1 5 0
1 6 2
2 6 0
3 6 0
4 6 0
4 7 2
5 7 3
5 6 1
6 6 0
7 6 0
7 7 2
8 7 0
9 7 0
