63
10
8
20
10
10
60
20
10
20
20
10
10
20
10
10
10
10
20
20
40
50
10
20
40
20
10
10
10
10
10
20
40
10
10
10
10
20
20
20
10
40
20
10
10
40
10
40
20
20
10
10
10
40
10
40
10
40
20
10
10
40
40
10
10
20
10
10
10
40
10
40
10
20
20
20
20
10
10
10
10
10
20
46
2 2 0
1 2 1
1 3 1
1 4 1
1 5 1
1 6 1
1 7 2
2 7 0
3 7 0
4 7 3
4 6 0
3 6 0
2 6 2
2 5 1
3 5 1
3 4 1
4 4 3
4 3 1
5 3 0
6 3 0
7 3 0
7 4 1
7 5 1
7 6 2
8 6 0
8 7 2
9 7 3
9 6 1
9 5 1
9 4 1
9 3 1
9 2 1
9 1 0
8 1 0
7 1 0
6 1 0
5 1 0
4 1 0
3 1 0
2 1 0
2 0 0
1 0 0
0 0 1
0 1 1
0 2 1
0 3 0
