70
10
8
52
10
60
10
10
10
20
20
10
10
10
40
30
20
40
10
20
30
10
40
40
10
40
20
10
20
20
20
30
30
30
20
10
40
10
20
20
30
30
20
20
30
20
10
10
10
40
10
20
20
30
40
20
30
20
10
10
30
10
30
40
40
10
20
20
10
10
40
10
40
10
20
20
10
20
10
10
20
20
20
53
0 0 2
1 0 0
2 0 0
2 1 0
2 2 1
2 3 0
3 3 0
3 4 0
3 5 0
3 6 0
3 7 2
4 7 3
4 6 0
4 5 0
4 4 1
5 4 0
6 4 3
6 3 0
5 3 0
4 3 2
4 2 1
4 1 1
5 1 0
6 1 3
6 0 0
5 0 1
5 1 0
5 2 2
6 2 0
7 2 0
8 2 0
9 2 0
9 3 1
9 4 1
9 5 3
8 5 1
8 6 1
8 7 3
7 7 2
7 6 1
7 5 0
6 5 0
5 5 0
4 5 0
3 5 0
2 5 0
1 5 1
1 6 1
0 6 2
0 5 1
0 4 1
0 3 1
0 2 0
