63
10
8
60
20
20
20
10
10
20
20
10
10
10
40
10
10
10
10
20
20
20
10
20
20
20
50
10
20
10
20
10
40
10
20
20
20
20
30
10
10
10
10
10
20
10
10
20
10
30
10
10
10
30
40
20
20
10
20
20
10
10
10
20
10
10
20
20
10
40
40
20
10
20
10
20
20
20
20
10
20
10
20
44
2 7 0
1 7 0
0 7 2
0 6 1
1 6 0
2 6 3
2 5 1
3 5 0
3 6 1
3 7 2
4 7 0
5 7 0
6 7 3
6 6 1
6 5 1
7 5 0
8 5 0
9 5 3
9 4 1
9 3 0
8 3 0
8 2 1
9 2 3
9 1 0
8 1 0
7 1 0
6 1 0
5 1 1
5 2 1
5 3 1
5 4 3
4 4 0
3 4 0
2 4 2
2 3 1
2 2 0
1 2 0
0 2 2
0 1 1
1 1 0
2 1 3
2 0 0
1 0 0
0 0 0
