65
10
8
20
10
10
10
10
20
10
20
20
20
20
10
20
20
40
10
10
30
40
10
10
40
10
10
10
10
20
10
20
10
10
10
20
20
30
10
30
10
50
20
10
10
30
20
20
20
20
10
10
30
10
10
20
10
10
10
10
20
40
10
10
10
10
20
10
20
20
10
10
20
20
20
20
20
20
20
20
60
10
20
49
4 6 0
3 6 0
2 6 0
1 6 0
1 5 0
0 5 2
0 4 1
0 3 1
0 2 1
0 1 1
0 0 1
1 0 0
1 1 2
2 1 0
3 1 0
4 1 3
4 0 1
5 0 0
6 0 0
7 0 0
8 0 0
9 0 0
9 1 3
8 1 1
8 2 2
9 2 0
9 3 3
8 3 0
7 3 0
6 3 0
5 3 1
5 4 3
4 4 0
3 4 2
3 3 1
3 2 0
2 2 1
2 3 1
2 4 1
2 5 0
3 5 0
4 5 0
5 5 0
5 6 2
6 6 0
7 6 0
8 6 3
8 5 1
9 5 0
