63
10
8
20
10
10
10
10
10
20
20
20
20
20
30
20
10
30
10
20
10
30
20
40
20
20
20
10
30
20
30
30
30
10
20
20
10
30
20
20
30
10
10
10
20
30
30
30
10
10
20
20
10
10
10
30
10
20
20
20
20
30
30
30
30
10
20
10
20
40
60
10
20
10
10
20
20
10
10
53
20
20
20
47
9 4 3
9 3 1
9 2 1
9 1 0
8 1 1
8 2 1
7 2 0
6 2 0
5 2 0
4 2 0
3 2 1
3 3 0
3 4 0
3 5 0
3 6 1
3 7 3
2 7 2
2 6 0
1 6 0
0 6 2
0 5 1
0 4 1
0 3 1
0 2 1
0 1 1
0 0 1
1 0 0
1 1 2
2 1 0
3 1 0
4 1 0
5 1 0
5 2 0
5 3 0
5 4 0
5 5 1
5 6 1
5 7 2
6 7 3
6 6 1
7 6 0
8 6 0
9 6 3
9 5 0
8 5 2
8 4 1
8 3 0
