64
10
8
20
20
20
60
20
10
20
20
10
10
10
20
10
20
20
10
10
10
40
20
40
10
30
20
20
20
10
30
20
40
30
10
10
10
20
10
40
20
10
10
10
20
40
40
30
10
10
20
10
20
40
10
20
40
10
20
20
20
20
20
10
40
20
20
10
40
40
40
20
10
10
10
20
20
10
10
20
10
51
20
43
9 6 1
9 7 3
8 7 0
7 7 2
7 6 0
6 6 0
5 6 0
4 6 0
3 6 0
2 6 0
1 6 2
1 5 1
2 5 0
3 5 1
3 4 1
4 4 0
4 5 2
5 5 0
6 5 1
6 4 1
7 4 0
8 4 3
8 3 0
7 3 2
7 2 1
8 2 1
8 1 1
9 1 3
9 0 0
8 0 0
7 0 1
7 1 3
6 1 1
6 2 1
5 2 1
5 3 1
4 3 0
3 3 0
2 3 1
2 4 1
1 4 0
0 4 2
0 3 0
