66
10
8
20
20
10
10
10
20
20
20
20
10
20
30
10
30
10
20
20
10
20
30
20
30
20
10
10
30
20
30
10
20
30
20
10
30
60
10
10
30
10
10
10
30
30
30
20
20
30
52
10
20
30
10
10
30
30
10
20
20
10
30
10
40
20
20
10
20
30
10
10
10
10
20
20
20
20
10
10
10
10
20
53
5 7 2
6 7 0
7 7 3
7 6 0
6 6 0
5 6 0
4 6 0
3 6 0
2 6 2
2 5 0
2 4 1
3 4 0
4 4 0
5 4 0
5 5 3
4 5 0
3 5 1
3 6 0
3 7 3
2 7 0
1 7 2
1 6 1
1 5 0
1 4 1
1 3 0
1 2 1
2 2 3
2 1 1
2 0 1
3 0 0
4 0 0
5 0 0
6 0 0
7 0 0
7 1 2
8 1 0
8 2 0
8 3 1
8 4 1
8 5 1
8 6 1
8 7 2
9 7 3
9 6 1
9 5 1
9 4 1
9 3 1
9 2 0
8 2 0
7 2 0
6 2 0
5 2 0
4 2 0
