70
10
8
20
20
10
10
20
20
20
20
20
20
40
10
10
40
50
20
10
10
10
40
40
20
30
10
10
30
10
20
30
10
20
10
10
60
10
20
20
40
40
20
10
20
10
20
20
10
40
20
10
10
40
20
20
40
30
10
20
40
10
10
20
40
40
20
20
10
40
40
30
10
10
20
20
20
10
20
10
10
10
20
49
1 6 0
0 6 2
0 5 1
1 5 1
1 4 1
1 3 1
1 2 1
2 2 0
3 2 0
4 2 0
5 2 0
6 2 0
6 3 3
5 3 1
5 4 3
4 4 2
4 3 0
3 3 1
3 4 0
3 5 1
3 6 2
4 6 0
4 7 2
5 7 3
5 6 1
6 6 0
7 6 0
7 7 2
8 7 3
8 6 1
8 5 1
8 4 0
8 3 1
9 3 3
9 2 1
9 1 0
8 1 0
7 1 0
7 0 0
6 0 0
5 0 0
4 0 0
3 0 0
2 0 0
1 0 1
1 1 2
2 1 0
3 1 0
4 1 0
