65
10
8
20
20
10
52
20
10
10
20
10
20
10
10
30
20
30
20
20
10
30
40
30
10
40
60
10
40
10
30
10
10
40
10
10
20
40
40
40
30
20
10
10
30
10
40
40
30
40
10
10
10
10
40
20
30
40
10
10
40
30
10
40
30
40
10
10
20
30
10
40
10
30
10
20
10
10
20
10
20
10
20
51
0 3 2
1 3 0
2 3 1
2 2 0
2 1 1
2 0 1
3 0 0
4 0 0
5 0 0
6 0 0
7 0 0
8 0 0
9 0 0
9 1 1
9 2 1
9 3 3
8 3 0
7 3 0
6 3 1
6 4 3
5 4 0
5 3 0
4 3 1
4 4 1
3 4 0
2 4 0
1 4 0
0 4 1
0 5 1
0 6 1
0 7 2
1 7 3
1 6 0
1 5 1
2 5 0
3 5 0
4 5 0
5 5 0
6 5 0
7 5 0
8 5 0
9 5 0
9 6 1
9 7 3
8 7 0
7 7 0
6 7 0
5 7 0
4 7 0
3 7 0
2 7 0
