66
10
8
20
10
20
20
10
20
20
20
20
10
40
40
10
10
40
10
10
40
40
10
10
30
10
20
50
10
30
10
40
10
10
20
20
10
30
10
20
10
30
10
20
30
30
10
30
20
40
10
10
10
20
10
10
20
10
10
10
10
10
30
20
10
30
20
10
10
30
40
30
10
30
10
20
10
10
20
20
10
10
60
54
3 0 0
2 0 0
1 0 1
1 1 1
1 2 1
0 2 1
0 3 2
1 3 0
1 4 1
1 5 1
1 6 1
0 6 1
0 7 2
1 7 0
2 7 3
2 6 1
2 5 0
2 4 1
2 3 1
2 2 1
3 2 0
4 2 0
5 2 0
6 2 0
6 3 1
6 4 1
6 5 3
5 5 2
5 4 0
5 3 1
5 2 0
5 1 0
5 0 0
4 0 1
4 1 1
4 2 0
4 3 1
4 4 3
3 4 1
3 5 1
3 6 1
3 7 2
4 7 0
5 7 0
6 7 0
7 7 3
7 6 0
7 5 1
7 4 1
8 4 0
9 4 0
9 5 1
9 6 1
9 7 0
