64
10
8
20
10
20
10
10
10
20
20
20
30
30
10
10
10
20
10
10
10
30
20
30
30
10
10
52
10
10
30
40
40
40
10
20
20
10
60
20
20
30
10
10
10
10
30
20
30
20
10
10
30
20
40
30
10
30
10
10
10
40
20
20
10
30
20
10
20
20
40
30
30
30
10
20
10
10
10
20
10
20
20
51
3 0 2
4 0 0
4 1 2
5 1 0
6 1 0
7 1 0
8 1 0
8 2 3
7 2 1
7 3 3
6 3 0
6 2 0
5 2 0
4 2 0
3 2 0
2 2 0
1 2 0
0 2 2
0 1 1
0 0 1
1 0 0
1 1 0
1 2 0
1 3 1
1 4 1
1 5 1
1 6 3
0 6 1
0 7 2
1 7 0
2 7 0
3 7 0
4 7 0
5 7 0
6 7 0
7 7 3
7 6 0
7 5 1
7 4 1
8 4 0
9 4 0
9 5 1
9 6 3
8 6 0
7 6 0
6 6 0
5 6 2
5 5 0
5 4 0
4 4 2
4 3 0
