67
10
8
20
10
10
10
10
10
20
20
20
20
40
10
30
20
40
10
20
20
10
52
20
40
40
20
10
40
10
30
40
30
20
20
10
10
20
10
10
30
30
20
10
30
30
40
10
30
30
20
20
20
40
10
10
30
30
20
10
10
20
40
40
30
10
10
20
30
40
40
20
40
40
20
20
20
20
10
10
20
10
60
48
2 3 2
3 3 0
4 3 0
5 3 0
5 4 1
5 5 0
5 6 0
5 7 2
6 7 3
6 6 0
6 5 0
6 4 1
6 3 1
6 2 1
7 2 0
7 3 0
8 3 1
8 2 1
9 2 3
9 1 0
8 1 0
7 1 0
6 1 2
6 0 0
5 0 0
4 0 0
3 0 0
2 0 1
2 1 2
3 1 0
3 2 1
3 3 0
3 4 1
2 4 1
2 5 1
1 5 1
1 6 0
2 6 0
2 7 2
3 7 3
3 6 1
4 6 0
5 6 0
6 6 0
7 6 0
8 6 0
8 7 2
9 7 0
