67
10
8
20
20
20
10
20
20
10
20
10
40
30
40
10
30
20
10
20
40
20
40
40
20
10
60
20
40
30
10
40
20
10
20
20
40
30
20
10
20
50
10
10
20
20
10
40
40
40
10
20
30
30
10
10
20
10
20
20
20
30
10
30
30
10
20
10
30
30
40
30
40
40
20
20
10
10
20
10
20
20
20
46
4 6 0
3 6 0
2 6 0
1 6 2
1 5 0
1 4 1
1 3 1
2 3 1
2 2 1
3 2 0
4 2 0
5 2 3
5 1 1
6 1 0
7 1 3
7 0 1
8 0 0
9 0 0
9 1 1
9 2 1
9 3 3
8 3 1
8 4 0
8 5 1
7 5 0
6 5 2
6 4 1
6 3 1
6 2 0
6 1 0
6 0 0
5 0 0
4 0 1
4 1 1
3 1 1
3 2 0
3 3 1
3 4 1
2 4 1
2 5 3
1 5 0
0 5 1
0 6 1
0 7 2
1 7 0
2 7 0
