64
10
8
20
10
20
10
20
10
20
20
10
30
40
10
40
30
10
10
10
10
40
20
10
10
40
10
10
40
30
40
40
10
10
20
10
10
10
40
10
10
10
10
10
40
10
30
10
30
10
20
20
10
40
10
10
10
10
10
20
30
40
20
30
60
20
10
10
30
10
30
10
20
20
10
20
10
10
10
10
53
20
20
51
9 5 3
9 4 1
9 3 1
9 2 1
9 1 1
9 0 0
8 0 0
7 0 1
7 1 0
7 2 1
6 2 0
6 1 1
6 0 0
5 0 0
4 0 0
3 0 0
2 0 0
1 0 0
0 0 1
0 1 1
0 2 2
1 2 0
1 3 1
1 4 1
0 4 1
0 5 1
0 6 2
1 6 0
2 6 1
2 5 1
2 4 1
2 3 1
3 3 1
3 2 0
3 1 1
4 1 0
5 1 0
5 2 1
5 3 0
5 4 1
5 5 0
5 6 1
5 7 2
6 7 0
7 7 0
8 7 0
9 7 3
9 6 0
8 6 2
8 5 0
7 5 0
