72
10
8
20
20
10
10
20
20
20
20
20
20
30
20
20
30
30
60
10
20
20
30
10
10
53
20
20
20
10
30
20
30
30
20
20
10
40
10
10
10
20
10
20
10
20
20
20
10
20
10
20
10
20
10
30
10
20
10
10
20
30
40
20
10
30
10
10
10
40
30
20
40
20
10
20
20
10
20
10
10
10
20
55
2 6 3
2 5 1
2 4 1
2 3 0
2 2 1
3 2 0
4 2 1
4 1 1
4 0 1
5 0 0
5 1 1
5 2 2
6 2 3
6 1 1
6 0 1
7 0 0
8 0 0
9 0 0
9 1 3
8 1 0
7 1 1
7 2 0
7 3 0
8 3 0
9 3 0
9 4 1
9 5 1
9 6 1
9 7 3
8 7 0
7 7 0
6 7 0
5 7 0
4 7 0
3 7 2
3 6 0
3 5 0
3 4 1
4 4 0
5 4 3
5 3 0
4 3 0
3 3 0
2 3 0
1 3 2
1 2 0
1 1 0
0 1 1
0 2 1
0 3 1
0 4 2
1 4 0
1 5 0
1 6 0
1 7 0
