65
10
8
20
20
10
10
20
10
10
20
10
20
30
30
20
30
30
10
20
20
20
20
20
30
30
10
20
10
30
51
30
30
20
10
10
30
40
20
20
30
30
20
10
10
30
10
40
30
30
20
10
30
20
30
10
30
40
10
10
40
30
20
40
10
20
10
20
30
20
30
10
30
20
10
20
10
20
10
20
20
10
60
51
3 3 1
3 4 0
3 5 0
3 6 2
4 6 0
5 6 0
6 6 1
6 5 0
6 4 1
6 3 0
6 2 0
5 2 0
4 2 1
4 3 2
5 3 0
6 3 0
7 3 3
7 2 0
7 1 0
6 1 0
5 1 0
4 1 0
3 1 0
2 1 2
2 0 0
1 0 0
0 0 1
0 1 2
1 1 0
1 2 0
1 3 0
1 4 3
0 4 1
0 5 1
0 6 1
0 7 2
1 7 0
2 7 0
3 7 0
4 7 3
4 6 0
4 5 0
4 4 1
5 4 0
5 5 0
5 6 0
5 7 2
6 7 0
7 7 0
8 7 0
9 7 0
