72
10
8
20
10
20
10
20
20
20
20
20
10
20
40
30
40
20
10
10
20
10
20
20
30
20
20
10
30
10
30
20
20
30
20
10
20
30
30
20
10
30
10
10
30
20
30
40
10
10
10
20
20
10
20
30
20
30
10
20
20
10
20
10
20
30
10
50
10
10
30
30
20
20
20
60
10
20
20
10
10
10
20
54
8 0 0
7 0 1
7 1 3
6 1 2
6 0 0
5 0 0
4 0 0
3 0 0
2 0 0
1 0 1
1 1 1
1 2 3
0 2 1
0 3 1
0 4 2
1 4 0
2 4 0
2 5 0
2 6 2
3 6 0
4 6 0
5 6 0
6 6 0
7 6 0
8 6 0
8 7 3
7 7 0
6 7 0
5 7 0
4 7 0
3 7 2
3 6 0
3 5 0
2 5 0
1 5 0
1 4 0
1 3 1
2 3 3
2 2 1
2 1 1
3 1 0
4 1 0
4 2 0
4 3 0
4 4 2
5 4 1
5 3 0
5 2 1
6 2 0
7 2 0
8 2 0
9 2 3
9 1 1
9 0 0
