66
10
8
20
10
10
10
10
20
10
20
50
10
40
40
20
40
30
10
10
10
20
30
30
30
30
20
20
40
30
30
40
10
30
10
10
10
40
30
10
40
30
10
10
40
40
40
40
10
30
10
20
10
20
10
40
40
10
10
20
20
30
10
40
30
10
10
20
30
60
30
20
40
40
10
20
10
10
10
10
20
20
20
52
1 0 0
0 0 1
0 1 1
0 2 1
0 3 1
0 4 1
0 5 2
1 5 1
1 4 1
2 4 0
3 4 1
3 3 0
3 2 0
3 1 1
4 1 0
5 1 0
5 2 0
6 2 0
6 3 1
6 4 1
5 4 0
5 3 0
4 3 0
3 3 0
2 3 0
1 3 0
1 2 1
2 2 0
2 3 0
2 4 0
2 5 0
2 6 0
2 7 2
3 7 0
4 7 0
5 7 0
6 7 0
7 7 0
8 7 0
9 7 3
9 6 0
8 6 0
8 5 1
9 5 3
9 4 1
9 3 1
9 2 1
9 1 1
9 0 0
8 0 1
8 1 0
8 2 0
