67
10
8
20
20
10
10
10
10
10
20
10
20
30
20
30
10
30
10
10
20
30
20
40
30
30
10
10
20
30
40
20
20
60
10
10
30
40
10
20
40
10
20
20
10
30
20
10
40
40
10
10
30
30
30
10
30
30
10
10
10
51
30
30
10
40
20
20
10
10
20
20
30
30
20
20
10
10
20
10
10
10
20
55
7 2 1
7 3 0
7 4 0
7 5 1
7 6 1
6 6 0
5 6 0
5 5 0
4 5 0
4 4 1
5 4 0
6 4 0
7 4 0
8 4 0
8 5 0
8 6 0
8 7 2
9 7 3
9 6 1
9 5 1
9 4 1
9 3 0
8 3 2
8 2 1
8 1 1
8 0 0
7 0 0
6 0 0
5 0 1
5 1 1
5 2 0
5 3 3
4 3 0
3 3 1
3 4 3
2 4 0
2 3 0
1 3 2
1 2 0
1 1 0
0 1 1
0 2 1
0 3 1
0 4 1
0 5 1
0 6 1
0 7 2
1 7 0
2 7 0
3 7 0
4 7 3
4 6 1
4 5 0
3 5 1
3 6 0
