67
10
8
20
20
20
10
10
10
10
20
10
20
20
40
10
30
40
20
20
10
10
51
10
40
30
10
20
10
30
30
20
40
30
10
10
10
40
30
10
40
30
20
10
10
10
30
30
10
30
10
10
20
40
10
10
40
20
10
10
40
20
20
30
40
40
10
10
40
40
40
30
20
10
60
20
10
10
10
20
10
20
20
51
2 3 1
2 4 1
2 5 0
3 5 1
3 4 1
4 4 0
5 4 0
6 4 0
7 4 0
8 4 0
9 4 0
9 5 1
9 6 3
8 6 0
7 6 0
7 5 1
8 5 3
8 4 0
8 3 0
7 3 2
7 2 0
6 2 0
6 1 0
5 1 0
4 1 0
3 1 0
2 1 0
1 1 1
1 2 3
0 2 1
0 3 1
0 4 1
0 5 1
0 6 1
0 7 2
1 7 3
1 6 1
2 6 0
3 6 0
4 6 0
5 6 0
6 6 3
6 5 0
5 5 0
4 5 1
4 6 0
4 7 2
5 7 0
6 7 0
7 7 0
8 7 0
