67
10
8
60
20
20
20
20
20
20
20
10
20
20
53
40
40
40
20
10
30
40
20
40
40
10
20
20
40
20
30
20
40
40
20
10
30
30
40
10
20
10
20
10
30
40
10
30
10
40
10
10
20
30
40
10
40
30
10
10
10
20
30
30
40
30
20
10
40
40
40
40
20
20
20
20
10
10
10
10
10
20
20
45
1 3 3
1 2 1
2 2 0
2 3 2
3 3 0
4 3 0
4 4 1
4 5 3
3 5 1
3 6 1
2 6 0
1 6 0
1 5 1
2 5 1
2 4 1
3 4 3
3 3 0
3 2 1
4 2 0
5 2 0
5 3 1
5 4 0
5 5 1
5 6 0
6 6 0
7 6 0
8 6 3
8 5 0
7 5 0
7 4 0
7 3 0
7 2 1
8 2 0
8 3 1
7 3 0
6 3 0
6 2 0
6 1 0
5 1 0
4 1 0
3 1 0
3 0 0
2 0 0
1 0 0
0 0 0
