67
10
8
20
10
10
10
10
60
52
20
10
20
20
20
20
10
40
10
20
30
10
30
30
20
20
20
20
30
10
30
40
10
20
10
10
20
30
30
20
30
10
20
10
10
20
10
20
10
20
10
20
10
30
20
40
30
20
10
10
10
20
30
10
20
10
20
20
20
30
20
10
10
20
20
20
10
10
20
20
10
10
20
50
0 6 2
1 6 1
1 5 1
1 4 1
2 4 0
3 4 1
3 3 0
3 2 1
3 1 0
3 0 1
4 0 0
5 0 0
6 0 0
6 1 1
6 2 0
6 3 2
7 3 0
8 3 0
8 4 1
8 5 1
8 6 3
7 6 0
6 6 2
6 5 0
6 4 0
5 4 2
5 3 1
5 2 1
6 2 0
7 2 0
7 3 0
7 4 1
7 5 3
6 5 0
5 5 0
4 5 0
3 5 0
2 5 2
2 4 0
2 3 0
2 2 1
2 1 0
2 0 0
1 0 0
0 0 1
0 1 1
0 2 1
0 3 1
0 4 1
0 5 0
