65
10
8
20
20
20
20
10
10
20
20
20
53
20
20
40
20
20
10
20
20
30
10
20
10
20
10
10
20
10
20
10
60
30
20
20
20
20
20
10
10
20
10
20
10
10
10
20
10
10
20
20
20
20
20
10
20
30
20
10
10
30
10
30
20
20
10
20
30
20
10
30
20
20
10
20
10
20
10
20
10
20
20
45
1 1 3
1 0 1
2 0 0
2 1 2
3 1 0
3 2 1
3 3 3
2 3 0
1 3 1
1 4 0
2 4 0
2 5 1
2 6 2
3 6 0
4 6 3
4 5 1
4 4 1
4 3 1
5 3 0
6 3 3
6 2 0
5 2 0
4 2 2
4 1 1
5 1 0
6 1 3
6 0 1
7 0 0
8 0 0
8 1 0
8 2 2
9 2 0
9 3 1
9 4 3
8 4 0
7 4 0
6 4 0
5 4 1
5 5 1
5 6 1
5 7 3
4 7 0
3 7 2
3 6 0
3 5 0
