69
10
8
20
10
10
20
20
10
10
20
20
10
10
20
10
20
30
20
10
40
30
20
40
30
20
10
10
30
20
30
30
10
30
20
10
40
40
20
10
10
40
10
10
40
30
30
30
40
10
20
20
30
20
40
10
20
10
10
10
30
30
30
30
20
30
10
10
40
30
30
30
40
40
10
20
10
20
51
10
20
10
60
53
9 3 1
9 4 1
9 5 3
8 5 0
8 4 0
8 3 0
8 2 0
8 1 0
7 1 0
6 1 0
5 1 1
5 2 0
5 3 0
5 4 0
5 5 0
6 5 3
6 4 1
6 3 0
5 3 0
4 3 2
4 2 1
5 2 0
6 2 3
6 1 0
6 0 0
5 0 0
4 0 0
3 0 0
2 0 0
1 0 1
1 1 1
1 2 1
1 3 2
2 3 0
2 4 1
1 4 0
0 4 1
0 5 1
0 6 1
0 7 2
1 7 3
1 6 0
1 5 1
2 5 0
3 5 0
4 5 0
5 5 0
5 6 1
5 7 2
6 7 0
7 7 0
8 7 0
9 7 0
