72
10
8
20
20
10
20
10
20
10
20
20
10
20
30
10
10
20
10
10
30
30
10
30
40
40
10
20
30
30
20
30
30
30
10
20
30
30
30
30
20
10
10
20
10
20
20
40
30
30
60
51
30
30
30
10
20
30
20
10
30
30
40
10
20
30
10
10
30
30
10
20
40
20
10
20
20
20
10
10
10
10
20
59
6 0 1
6 1 0
6 2 0
6 3 0
6 4 1
6 5 3
5 5 0
4 5 2
4 4 0
4 3 0
4 2 0
4 1 0
4 0 0
3 0 1
3 1 0
3 2 0
3 3 3
2 3 0
1 3 0
0 3 2
0 2 1
0 1 1
1 1 0
2 1 0
3 1 0
4 1 0
5 1 0
6 1 0
7 1 0
8 1 0
9 1 0
9 2 3
8 2 0
7 2 0
6 2 0
5 2 1
5 3 2
6 3 0
7 3 0
7 4 1
7 5 2
8 5 0
8 6 3
7 6 0
6 6 0
5 6 0
4 6 0
3 6 0
2 6 0
2 5 0
1 5 0
0 5 1
0 6 1
0 7 2
1 7 0
2 7 0
3 7 0
4 7 0
5 7 0
