67
10
8
20
20
20
20
20
20
10
20
10
20
20
20
20
20
20
60
10
20
20
20
20
40
10
53
10
20
20
10
10
20
10
20
20
10
20
10
20
10
20
10
10
10
10
30
20
20
10
10
20
40
10
30
20
10
20
20
10
10
10
30
10
10
10
10
20
30
30
30
30
10
10
20
20
20
10
20
10
10
10
20
48
2 7 3
2 6 1
2 5 1
3 5 0
3 6 1
3 7 2
4 7 0
5 7 0
6 7 3
6 6 0
5 6 0
4 6 2
4 5 1
4 4 0
3 4 0
2 4 2
2 3 1
3 3 0
4 3 0
5 3 0
6 3 0
7 3 0
8 3 0
9 3 3
9 2 1
9 1 0
8 1 0
7 1 0
6 1 0
6 0 0
5 0 0
4 0 1
4 1 1
4 2 3
3 2 2
3 1 0
2 1 1
2 2 3
1 2 1
1 3 3
0 3 1
0 4 2
1 4 0
1 5 3
0 5 1
0 6 1
0 7 2
1 7 0
