67
10
8
20
20
10
20
10
20
20
20
10
20
10
20
20
20
10
20
20
30
40
51
10
30
20
10
10
40
30
30
40
20
30
10
10
40
10
20
20
10
30
10
20
40
30
40
30
40
20
10
10
20
40
10
20
10
20
10
10
20
30
60
20
30
30
10
10
40
10
10
10
30
30
10
20
20
10
20
20
10
10
20
50
2 3 1
2 4 1
2 5 0
2 6 2
3 6 0
4 6 0
5 6 3
5 5 0
4 5 0
3 5 2
3 4 1
4 4 3
4 3 1
5 3 1
5 2 0
5 1 1
6 1 0
6 2 1
5 2 0
4 2 0
3 2 0
2 2 0
2 1 0
2 0 0
1 0 0
0 0 1
0 1 2
1 1 0
1 2 1
1 3 3
0 3 1
0 4 1
0 5 2
1 5 0
1 6 1
1 7 2
2 7 0
3 7 0
4 7 0
5 7 0
6 7 0
7 7 0
8 7 0
9 7 3
9 6 1
9 5 1
9 4 0
8 4 0
7 4 2
7 3 0
