66
10
8
20
20
20
60
20
20
20
20
20
10
30
10
30
20
10
20
10
20
10
30
30
20
20
10
10
10
10
20
30
20
30
20
10
20
20
10
10
20
20
20
10
20
20
10
10
30
20
10
10
51
10
20
20
10
20
20
20
10
10
30
10
20
30
20
20
10
30
10
20
30
20
20
20
10
20
10
10
20
10
20
47
6 1 1
6 2 1
6 3 3
5 3 0
4 3 0
3 3 1
3 4 0
3 5 2
4 5 0
4 6 3
3 6 0
2 6 2
2 5 0
1 5 2
1 4 0
1 3 1
1 2 0
1 1 1
1 0 1
2 0 0
3 0 0
4 0 0
5 0 0
6 0 0
7 0 0
7 1 1
7 2 1
7 3 0
7 4 1
7 5 2
8 5 0
9 5 0
9 6 1
9 7 3
8 7 2
8 6 0
7 6 0
6 6 2
6 5 1
6 4 0
5 4 0
4 4 0
3 4 0
2 4 0
1 4 0
0 4 2
0 3 0
