69
10
8
20
10
10
60
20
20
10
20
10
20
20
40
10
30
10
20
10
10
20
50
10
20
30
20
20
40
20
20
10
20
10
20
10
10
20
10
10
20
10
20
10
30
30
10
20
20
10
10
10
30
30
40
30
20
30
10
20
20
30
30
30
10
10
10
20
30
30
20
20
10
30
20
20
20
20
10
20
20
20
20
51
2 3 0
1 3 1
1 4 1
1 5 0
1 6 1
1 7 3
0 7 2
0 6 1
0 5 1
1 5 0
2 5 0
2 6 0
2 7 2
3 7 3
3 6 1
3 5 1
4 5 0
4 6 1
4 7 2
5 7 0
6 7 0
7 7 0
8 7 3
8 6 0
8 5 1
8 4 0
7 4 0
6 4 0
5 4 1
5 5 2
6 5 3
6 4 0
6 3 1
7 3 0
8 3 3
8 2 0
8 1 0
8 0 0
7 0 1
7 1 3
6 1 0
5 1 0
4 1 0
3 1 0
3 0 0
2 0 0
1 0 0
0 0 1
0 1 1
0 2 1
0 3 0
