70
10
8
20
10
10
20
20
20
10
20
20
10
30
40
20
40
10
20
20
10
20
20
20
40
20
10
20
40
40
30
10
40
10
10
20
30
10
53
40
30
40
20
10
40
40
40
10
40
40
10
10
20
10
30
10
30
40
10
20
20
30
40
40
10
40
20
10
30
10
30
40
10
20
10
60
10
10
20
10
10
10
20
51
4 3 3
4 2 1
4 1 0
4 0 1
5 0 0
6 0 0
7 0 0
7 1 3
6 1 1
6 2 1
6 3 0
6 4 1
6 5 0
6 6 1
5 6 0
5 5 0
4 5 0
3 5 0
3 4 1
3 3 0
3 2 0
2 2 2
2 1 1
2 0 0
1 0 1
1 1 1
1 2 0
1 3 0
2 3 0
2 4 3
1 4 1
1 5 0
2 5 0
2 6 2
3 6 0
4 6 0
4 7 2
5 7 0
6 7 0
7 7 3
7 6 1
8 6 3
8 5 1
8 4 0
7 4 0
7 3 1
8 3 0
9 3 3
9 2 1
9 1 1
9 0 0
