70
10
8
20
20
10
52
10
20
10
60
20
10
20
10
10
20
40
10
20
10
20
20
40
10
30
10
20
10
10
20
10
20
40
10
10
20
10
20
10
40
30
10
10
30
20
10
40
20
40
10
20
30
30
10
30
10
10
20
10
10
20
10
10
40
20
20
20
10
20
10
20
20
20
10
20
20
20
20
20
10
20
20
51
0 3 2
1 3 0
2 3 0
2 4 0
3 4 0
4 4 0
5 4 1
5 3 1
5 2 1
6 2 0
7 2 0
7 3 1
7 4 1
7 5 0
8 5 0
8 6 2
9 6 3
9 5 1
9 4 0
8 4 2
8 3 1
8 2 1
9 2 3
9 1 0
8 1 0
7 1 0
6 1 0
5 1 0
4 1 1
4 2 1
4 3 3
3 3 2
3 2 1
3 1 1
3 0 1
4 0 0
5 0 0
6 0 0
6 1 0
6 2 0
6 3 1
6 4 0
6 5 1
6 6 1
6 7 3
5 7 0
4 7 0
3 7 0
2 7 0
1 7 0
0 7 0
