66
10
8
20
20
10
10
10
10
20
20
20
30
30
30
40
40
10
20
20
20
20
30
40
30
30
20
10
30
30
30
30
30
40
10
10
20
30
40
40
40
40
10
20
30
40
30
40
40
20
20
20
50
30
40
10
20
10
20
10
20
30
10
30
30
20
10
10
30
40
20
40
30
10
20
20
10
10
20
20
10
20
60
48
6 1 0
5 1 0
4 1 1
4 2 0
4 3 0
5 3 0
6 3 0
6 4 1
6 5 3
5 5 0
5 4 0
4 4 1
4 5 1
3 5 0
2 5 0
1 5 1
1 6 1
1 7 2
2 7 3
2 6 0
2 5 0
2 4 0
1 4 0
1 3 0
1 2 0
1 1 0
1 0 0
0 0 1
0 1 2
1 1 0
2 1 3
2 0 1
3 0 0
4 0 0
5 0 0
5 1 0
5 2 0
6 2 0
7 2 0
8 2 0
8 3 2
9 3 0
9 4 3
8 4 1
8 5 0
8 6 1
8 7 2
9 7 0
