68
10
8
20
20
10
10
10
10
20
20
20
30
30
30
30
30
20
20
10
10
30
30
30
30
20
10
10
20
10
30
20
20
20
10
50
20
10
30
30
30
20
10
10
10
10
30
30
20
20
10
10
10
20
30
20
30
30
20
10
30
40
10
30
30
30
20
20
20
30
20
30
30
30
10
20
20
10
20
60
20
10
20
56
4 0 0
3 0 0
2 0 0
1 0 1
1 1 0
1 2 0
1 3 0
1 4 0
1 5 0
1 6 3
0 6 2
0 5 1
0 4 1
0 3 1
0 2 1
0 1 1
1 1 0
2 1 0
3 1 0
3 2 1
3 3 0
3 4 2
4 4 0
5 4 0
6 4 3
6 3 0
6 2 1
7 2 0
7 3 1
7 4 0
7 5 0
7 6 0
7 7 2
8 7 0
9 7 3
9 6 1
9 5 0
8 5 0
7 5 0
6 5 0
5 5 1
5 6 3
4 6 2
4 5 0
4 4 0
4 3 0
4 2 1
4 1 1
5 1 0
6 1 0
7 1 0
8 1 0
8 2 0
8 3 2
9 3 0
9 4 0
