72
10
8
20
20
10
53
10
20
10
20
60
10
30
20
40
10
10
10
10
20
20
40
30
40
20
10
20
20
30
40
10
30
10
20
10
10
10
20
30
20
20
10
20
10
40
10
30
20
20
20
20
10
20
30
20
30
40
20
20
40
30
20
20
30
10
20
10
30
20
10
10
20
10
10
20
10
10
10
10
20
20
20
53
0 3 3
0 2 1
0 1 1
1 1 0
2 1 0
2 2 2
3 2 0
4 2 0
5 2 0
5 3 1
5 4 0
5 5 3
4 5 2
4 4 0
4 3 0
3 3 1
3 4 1
3 5 0
3 6 1
3 7 2
4 7 0
5 7 3
5 6 1
6 6 0
6 7 2
7 7 3
7 6 1
7 5 0
7 4 0
6 4 2
6 3 0
6 2 1
7 2 0
8 2 0
8 3 1
8 4 1
8 5 2
9 5 3
9 4 1
9 3 1
9 2 1
9 1 1
9 0 0
8 0 0
7 0 1
7 1 1
6 1 0
5 1 0
4 1 0
3 1 2
3 0 0
2 0 0
1 0 0
