68
10
8
20
20
10
20
20
10
10
20
20
10
10
20
40
10
20
20
10
10
20
10
10
20
30
20
60
40
10
20
20
10
40
20
10
10
30
10
20
20
40
20
20
40
10
20
20
10
10
20
20
20
10
20
20
10
10
10
10
40
20
20
20
20
20
10
20
10
10
10
20
40
10
10
51
20
10
20
10
20
20
20
47
9 0 1
9 1 3
8 1 0
7 1 1
7 2 3
6 2 0
5 2 0
4 2 0
3 2 0
2 2 1
2 3 1
2 4 1
2 5 2
3 5 0
4 5 3
4 4 0
3 4 2
3 3 1
4 3 0
5 3 0
5 4 2
6 4 3
6 3 1
7 3 0
7 4 2
8 4 0
8 5 1
7 5 1
7 6 3
6 6 0
5 6 0
4 6 1
4 7 3
3 7 2
3 6 0
2 6 0
1 6 2
1 5 1
1 4 0
0 4 2
0 3 1
1 3 3
1 2 1
1 1 1
1 0 1
2 0 0
3 0 0
