70
10
8
20
20
20
10
20
20
10
20
10
52
20
10
20
20
20
20
20
10
20
20
20
20
20
20
20
10
10
40
40
20
10
20
10
10
20
20
20
20
10
20
20
30
10
10
20
20
10
20
10
10
20
20
10
10
20
20
10
20
10
10
10
20
20
10
20
10
10
10
10
10
20
20
20
20
20
20
20
10
20
60
47
1 1 2
2 1 0
3 1 0
4 1 0
5 1 0
6 1 0
7 1 0
7 2 1
7 3 1
7 4 1
7 5 3
6 5 0
5 5 1
5 6 1
5 7 3
4 7 2
4 6 1
4 5 0
3 5 1
3 6 1
3 7 3
2 7 2
2 6 0
1 6 2
1 5 1
2 5 3
2 4 1
3 4 1
3 3 1
4 3 0
4 4 2
5 4 3
5 3 1
5 2 1
5 1 0
5 0 1
6 0 0
7 0 0
8 0 0
8 1 1
8 2 1
8 3 1
8 4 1
8 5 1
8 6 2
9 6 0
9 7 0
