70
10
8
20
20
20
10
10
20
10
20
20
30
30
10
30
40
20
20
10
10
30
30
20
10
10
10
10
20
20
10
30
10
20
10
20
30
10
40
20
30
20
20
10
40
10
30
30
20
30
10
10
20
10
40
10
40
30
10
20
30
30
40
30
40
10
10
52
10
20
10
10
20
20
10
20
10
20
20
20
20
20
60
53
8 0 2
9 0 0
9 1 1
9 2 3
8 2 1
8 3 1
8 4 1
8 5 3
7 5 0
7 4 0
7 3 0
6 3 0
6 2 1
6 1 0
5 1 1
5 2 1
5 3 0
5 4 0
5 5 2
6 5 1
6 4 1
6 3 0
5 3 0
4 3 0
4 2 1
4 1 0
4 0 0
3 0 0
2 0 0
1 0 1
1 1 0
1 2 0
1 3 1
1 4 0
1 5 1
0 5 2
0 4 1
0 3 1
0 2 1
1 2 0
2 2 0
3 2 0
3 3 1
3 4 0
3 5 1
3 6 2
4 6 0
4 7 2
5 7 0
6 7 0
7 7 0
8 7 0
9 7 0
