72
10
8
20
20
20
20
20
20
10
60
10
30
20
10
30
40
20
10
20
30
20
40
30
10
10
53
20
20
10
30
10
30
30
20
10
10
30
20
30
10
40
20
10
30
30
10
30
30
40
20
20
30
40
10
20
10
30
20
10
30
40
30
30
20
20
20
20
30
30
40
40
10
30
20
20
10
20
20
10
10
20
20
55
2 7 3
2 6 1
2 5 1
2 4 0
2 3 1
3 3 0
4 3 0
4 4 0
4 5 1
4 6 0
5 6 0
5 7 2
6 7 3
6 6 0
6 5 1
6 4 1
7 4 0
8 4 0
8 5 1
8 6 0
8 7 3
7 7 2
7 6 1
8 6 0
9 6 3
9 5 1
9 4 1
9 3 0
8 3 0
8 2 0
8 1 0
8 0 0
7 0 0
6 0 1
6 1 0
6 2 1
5 2 0
4 2 0
3 2 0
2 2 2
2 1 0
2 0 1
3 0 0
3 1 3
2 1 0
1 1 0
0 1 1
0 2 2
1 2 0
1 3 1
1 4 0
1 5 1
0 5 1
0 6 1
0 7 0
