67
10
8
20
20
10
20
10
20
10
20
10
20
10
20
40
20
20
10
10
20
10
10
10
20
30
10
60
30
20
10
10
10
10
20
20
10
20
30
10
30
30
10
20
30
30
10
30
30
10
20
10
30
20
10
30
30
40
10
10
20
30
30
53
20
10
20
20
30
40
30
30
40
10
10
20
10
10
10
10
10
10
20
55
7 4 3
7 3 0
7 2 0
7 1 0
6 1 0
5 1 0
4 1 0
3 1 0
2 1 1
2 2 1
2 3 1
2 4 1
2 5 2
3 5 0
4 5 0
5 5 0
6 5 0
7 5 0
7 6 1
7 7 2
8 7 0
9 7 3
9 6 1
9 5 1
9 4 1
9 3 1
9 2 1
9 1 1
9 0 0
8 0 1
8 1 0
8 2 1
7 2 0
6 2 1
6 3 1
6 4 0
6 5 0
6 6 1
5 6 0
4 6 0
3 6 0
2 6 0
1 6 2
1 5 0
0 5 2
0 4 1
0 3 1
1 3 3
1 2 1
1 1 0
0 1 2
0 0 1
1 0 0
2 0 0
3 0 0
