69
10
8
20
10
10
10
20
10
20
20
20
30
10
10
10
10
30
20
10
20
20
20
20
20
10
20
10
20
10
40
20
10
20
10
10
10
20
20
30
30
20
10
10
20
20
20
20
51
10
20
10
30
30
20
10
30
20
20
20
30
20
30
20
30
20
10
10
20
20
10
30
10
20
20
20
10
10
20
20
20
20
60
51
5 5 1
5 6 1
5 7 2
6 7 3
6 6 1
7 6 3
7 5 0
7 4 0
6 4 0
5 4 2
5 3 0
4 3 2
4 2 1
5 2 3
5 1 0
4 1 0
3 1 1
3 2 1
3 3 1
2 3 1
2 4 2
3 4 0
3 5 1
3 6 3
2 6 0
1 6 0
0 6 1
0 7 2
1 7 3
1 6 0
1 5 1
1 4 1
1 3 1
1 2 1
1 1 0
1 0 1
2 0 0
3 0 0
4 0 0
5 0 0
6 0 0
7 0 0
7 1 0
7 2 2
8 2 0
8 3 1
8 4 0
8 5 1
8 6 2
9 6 0
9 7 0
