70
10
8
20
20
10
10
10
20
20
20
20
10
40
40
40
20
10
10
10
20
40
40
40
10
40
20
20
10
40
20
20
20
10
10
10
40
10
40
10
10
40
20
10
10
20
40
40
10
10
20
52
10
40
30
10
40
10
60
10
10
30
10
30
40
40
10
10
40
40
20
40
10
10
10
20
20
10
10
20
20
10
20
50
6 0 2
7 0 0
8 0 0
9 0 0
9 1 3
8 1 1
8 2 1
7 2 0
6 2 1
6 3 0
6 4 1
6 5 1
5 5 0
4 5 0
3 5 2
3 4 1
4 4 0
5 4 1
5 3 0
4 3 0
4 2 1
4 1 0
3 1 0
2 1 1
2 2 0
3 2 0
3 3 3
2 3 1
2 4 1
1 4 1
1 5 3
0 5 1
0 6 2
1 6 0
2 6 0
2 7 2
3 7 0
4 7 3
4 6 1
5 6 0
6 6 0
7 6 1
7 5 1
8 5 0
9 5 0
9 6 1
9 7 3
8 7 0
7 7 0
6 7 0
