67
10
8
20
10
10
20
20
60
10
20
10
30
40
10
10
40
10
20
10
20
10
20
30
10
53
20
20
10
10
20
10
30
20
10
20
10
10
10
10
20
10
10
10
30
20
10
20
10
20
10
20
10
10
20
10
20
20
10
20
20
20
20
20
20
10
20
20
20
10
40
40
10
20
10
20
20
10
10
20
20
20
20
48
2 6 3
2 5 1
2 4 0
2 3 0
1 3 0
0 3 2
0 2 1
0 1 1
0 0 1
1 0 0
2 0 0
3 0 0
3 1 1
3 2 1
3 3 2
4 3 0
5 3 0
6 3 3
6 2 1
6 1 1
6 0 1
7 0 0
7 1 2
8 1 0
8 2 1
8 3 1
7 3 1
7 4 2
8 4 0
8 5 1
8 6 2
9 6 0
9 7 3
8 7 0
7 7 2
7 6 1
7 5 0
6 5 1
6 6 3
5 6 2
5 5 1
5 4 0
4 4 0
3 4 0
2 4 0
1 4 0
0 4 1
0 5 0
