72
10
8
20
51
10
10
10
20
10
20
20
10
10
30
10
40
10
10
10
40
40
40
10
10
40
10
20
10
30
30
40
30
40
20
10
10
60
40
10
20
20
20
20
10
20
30
10
10
30
10
10
30
20
30
40
30
10
10
20
30
10
10
30
40
30
20
20
30
10
10
10
30
20
10
20
10
10
10
10
20
10
20
60
0 1 1
0 2 1
0 3 1
0 4 1
0 5 2
1 5 1
1 4 1
1 3 0
1 2 1
1 1 1
1 0 1
2 0 0
3 0 0
3 1 1
3 2 0
3 3 0
3 4 0
4 4 0
5 4 0
6 4 1
6 3 0
6 2 0
5 2 2
5 1 1
5 0 1
6 0 0
7 0 0
7 1 0
7 2 1
7 3 1
7 4 0
7 5 0
8 5 0
9 5 3
9 4 1
9 3 1
9 2 1
9 1 1
9 0 0
8 0 1
8 1 0
8 2 1
8 3 1
8 4 1
8 5 0
8 6 3
7 6 0
6 6 0
5 6 0
4 6 1
4 7 3
3 7 2
3 6 0
2 6 0
2 5 1
2 4 1
2 3 1
3 3 0
4 3 1
4 2 0
