70
10
8
20
10
10
20
10
20
10
20
20
10
10
30
30
10
20
10
10
30
40
20
30
40
30
10
20
40
30
40
30
30
30
10
10
40
20
40
20
20
30
10
20
30
40
30
30
10
20
52
10
30
10
40
40
30
20
10
20
40
40
20
30
20
40
10
10
30
20
30
10
40
40
10
20
10
10
10
60
20
10
20
54
5 7 2
6 7 0
7 7 0
8 7 0
9 7 3
9 6 1
9 5 0
8 5 0
8 4 1
8 3 0
8 2 0
7 2 1
7 3 3
6 3 1
6 4 1
5 4 0
4 4 1
4 5 3
3 5 0
2 5 0
2 4 0
2 3 0
1 3 0
0 3 2
0 2 1
0 1 1
0 0 1
1 0 0
1 1 1
1 2 1
1 3 0
1 4 0
1 5 1
1 6 2
2 6 0
3 6 0
4 6 0
5 6 3
5 5 1
5 4 0
5 3 0
5 2 0
4 2 2
4 1 1
5 1 0
6 1 0
7 1 1
7 0 1
8 0 0
9 0 0
9 1 1
9 2 1
9 3 1
9 4 0
