70
10
8
20
10
10
10
20
10
10
20
10
40
30
10
40
30
10
10
20
20
30
40
40
40
40
20
10
40
10
10
10
10
20
10
10
20
30
30
10
10
20
10
10
10
40
10
20
20
40
20
10
40
10
10
10
40
10
20
20
20
30
40
10
20
40
20
60
40
50
10
40
10
20
20
20
20
20
10
20
20
10
20
51
8 2 0
7 2 0
6 2 0
5 2 1
5 3 1
5 4 2
6 4 0
7 4 0
8 4 0
8 5 1
8 6 3
7 6 0
7 5 0
6 5 1
6 6 1
6 7 3
5 7 2
5 6 0
4 6 2
4 5 1
4 4 1
4 3 0
4 2 0
4 1 0
3 1 1
3 2 1
3 3 1
3 4 1
3 5 1
3 6 3
2 6 1
2 7 3
1 7 0
0 7 2
0 6 1
0 5 1
0 4 1
1 4 1
1 3 1
1 2 0
1 1 1
2 1 3
2 0 1
3 0 0
4 0 0
5 0 0
6 0 0
7 0 0
7 1 2
8 1 1
8 0 0
