68
10
8
20
20
20
20
10
20
20
20
10
40
10
20
40
20
40
20
10
40
10
40
10
40
20
20
10
20
10
10
30
40
20
10
10
40
20
10
10
40
40
20
20
40
40
20
10
10
53
20
20
10
10
20
10
10
10
10
10
30
20
20
10
40
10
20
10
10
40
40
20
20
20
10
20
20
20
10
20
10
60
20
45
5 6 3
5 5 1
5 4 1
5 3 0
4 3 0
3 3 0
2 3 1
2 4 1
2 5 0
3 5 0
3 6 2
4 6 0
4 7 3
3 7 0
2 7 2
2 6 0
1 6 0
1 5 0
0 5 2
0 4 1
0 3 1
1 3 3
1 2 1
1 1 0
0 1 2
0 0 1
1 0 0
2 0 0
3 0 0
4 0 0
5 0 0
5 1 0
6 1 0
7 1 0
8 1 0
9 1 0
9 2 3
8 2 1
8 3 1
7 3 1
7 4 1
7 5 0
8 5 0
8 6 2
9 6 0
