68
10
8
20
20
10
10
10
10
10
20
20
20
10
10
10
30
60
10
10
10
40
20
20
10
20
10
20
10
30
53
20
20
10
10
10
30
10
20
10
20
20
20
20
20
10
20
30
40
20
20
20
10
10
10
10
20
10
10
20
30
30
20
30
10
30
10
10
20
30
20
30
20
10
10
20
20
20
20
20
20
10
20
52
3 3 3
3 2 0
3 1 1
3 0 0
2 0 0
1 0 1
1 1 3
0 1 1
0 2 1
0 3 1
0 4 1
0 5 1
0 6 1
0 7 2
1 7 0
2 7 0
3 7 0
4 7 3
4 6 1
5 6 0
5 7 2
6 7 0
7 7 0
8 7 0
9 7 3
9 6 1
9 5 0
8 5 2
8 4 0
8 3 0
7 3 2
7 2 0
7 1 0
7 0 0
6 0 1
6 1 1
6 2 1
6 3 1
6 4 1
6 5 3
5 5 0
5 4 0
5 3 0
4 3 1
4 4 1
4 5 3
3 5 2
3 4 0
2 4 1
2 5 1
2 6 3
1 6 0
