71
10
8
20
20
10
20
10
10
10
20
20
20
30
30
20
30
20
10
10
40
10
30
60
20
53
10
10
40
20
20
10
30
20
10
10
20
30
30
10
30
30
20
10
10
40
40
20
30
10
20
20
40
20
30
30
30
30
10
20
10
20
30
30
20
10
10
20
30
30
10
30
10
20
20
20
10
10
20
10
10
10
20
57
2 6 3
2 5 1
3 5 0
4 5 0
5 5 0
6 5 0
7 5 3
7 4 0
7 3 0
7 2 0
6 2 2
6 1 0
5 1 0
4 1 1
4 2 0
4 3 0
4 4 1
4 5 0
4 6 0
4 7 3
3 7 0
2 7 0
1 7 0
0 7 2
0 6 1
0 5 1
0 4 1
0 3 1
1 3 0
2 3 0
3 3 0
3 4 1
3 5 0
3 6 2
4 6 0
5 6 0
6 6 0
7 6 0
8 6 0
8 7 2
9 7 3
9 6 1
9 5 1
9 4 1
9 3 0
8 3 0
7 3 0
6 3 0
5 3 0
5 2 0
4 2 0
3 2 2
3 1 0
2 1 1
2 2 1
2 3 0
2 4 0
