72
10
8
20
10
10
10
10
20
10
20
20
30
30
10
40
10
20
20
60
52
20
30
40
10
30
10
10
10
30
10
10
20
20
10
10
40
30
10
10
10
20
20
10
30
40
30
20
40
40
10
20
40
20
20
30
30
10
20
20
30
30
20
30
30
40
10
10
20
20
30
10
40
30
10
20
10
10
10
20
10
10
20
56
2 1 2
3 1 0
4 1 0
4 2 0
4 3 1
4 4 1
4 5 1
4 6 3
3 6 2
3 5 0
2 5 0
1 5 0
0 5 2
0 4 1
0 3 1
0 2 1
0 1 1
0 0 1
1 0 0
1 1 0
1 2 0
1 3 1
1 4 0
2 4 1
2 3 0
2 2 1
3 2 0
4 2 0
5 2 0
5 3 0
5 4 2
6 4 0
7 4 0
8 4 0
9 4 3
9 3 1
9 2 1
9 1 1
9 0 0
8 0 0
7 0 1
7 1 0
7 2 0
7 3 3
6 3 2
6 2 1
7 2 0
8 2 3
8 1 0
7 1 0
6 1 0
6 0 0
5 0 0
4 0 0
3 0 0
2 0 0
