70
10
8
20
20
10
10
10
20
20
20
10
40
40
40
10
10
10
20
20
30
40
20
30
20
30
10
20
40
10
40
20
30
60
10
20
10
20
30
40
20
10
20
20
10
20
30
20
10
40
10
10
40
52
10
40
30
10
20
10
10
30
10
40
20
10
10
20
40
20
20
10
40
20
20
20
10
20
10
20
10
20
20
50
6 2 2
7 2 0
8 2 0
8 3 3
7 3 0
6 3 0
5 3 0
4 3 0
3 3 0
3 2 1
3 1 0
2 1 0
1 1 1
1 2 0
2 2 0
2 3 3
1 3 1
1 4 1
1 5 1
1 6 1
1 7 2
2 7 0
3 7 0
4 7 3
4 6 1
4 5 1
5 5 0
6 5 0
7 5 3
7 4 1
8 4 0
9 4 0
9 5 1
9 6 3
8 6 1
8 7 3
7 7 0
6 7 2
6 6 1
6 5 0
6 4 0
5 4 2
5 3 0
5 2 0
4 2 1
4 3 0
4 4 1
3 4 1
3 5 0
3 6 0
