70
10
8
20
20
20
10
20
20
20
20
10
20
10
10
20
10
20
10
10
20
30
30
10
20
20
10
20
40
10
20
10
20
20
20
20
20
30
20
20
30
20
20
20
10
20
51
10
20
10
20
10
30
10
10
20
10
10
20
10
20
10
20
20
20
10
10
10
10
30
30
20
20
20
20
60
20
20
20
20
20
10
20
48
5 3 1
5 4 1
5 5 3
4 5 0
3 5 2
3 4 1
3 3 1
4 3 3
4 2 0
4 1 0
3 1 0
3 0 0
2 0 0
1 0 0
0 0 1
0 1 2
1 1 0
1 2 1
1 3 1
1 4 3
0 4 1
0 5 2
1 5 0
2 5 0
2 6 2
3 6 0
3 7 2
4 7 3
4 6 1
5 6 0
6 6 0
7 6 0
8 6 0
8 7 2
9 7 3
9 6 1
9 5 0
8 5 2
8 4 1
9 4 3
9 3 0
8 3 0
7 3 2
7 2 1
7 1 1
8 1 0
9 1 3
9 0 0
