71
10
8
60
52
20
20
20
10
20
20
10
20
10
10
20
20
10
10
20
30
30
20
40
20
20
20
10
20
20
40
20
20
10
10
20
10
20
10
10
40
10
20
20
20
30
30
10
10
10
10
10
10
20
10
10
30
30
20
20
10
10
30
20
30
10
20
20
20
10
40
40
20
20
20
20
10
20
10
10
10
10
20
52
0 1 2
1 1 0
1 2 1
1 3 1
1 4 3
0 4 1
0 5 1
0 6 2
1 6 0
2 6 0
2 7 2
3 7 0
4 7 3
4 6 1
4 5 1
5 5 0
6 5 0
7 5 0
8 5 3
8 4 0
7 4 1
7 5 0
7 6 1
7 7 3
6 7 2
6 6 0
6 5 0
6 4 1
6 3 1
6 2 1
7 2 0
8 2 0
9 2 3
9 1 1
9 0 0
8 0 1
8 1 3
7 1 0
6 1 0
5 1 2
5 0 0
4 0 1
4 1 1
4 2 3
3 2 1
3 3 1
2 3 2
2 2 0
2 1 0
2 0 0
1 0 0
0 0 0
