69
10
8
20
10
20
10
20
10
10
20
10
10
10
10
10
40
40
20
10
20
40
20
10
30
10
10
10
20
10
10
20
10
10
10
20
10
20
40
10
30
10
20
20
10
30
10
30
10
20
20
20
40
10
20
30
20
40
10
10
10
10
20
20
10
10
52
10
60
20
10
10
20
10
10
20
10
10
20
10
20
20
20
54
7 7 2
8 7 0
9 7 3
9 6 0
8 6 0
7 6 0
6 6 0
6 5 1
7 5 0
8 5 3
8 4 1
8 3 1
8 2 0
7 2 0
6 2 0
5 2 0
4 2 2
4 1 1
4 0 0
3 0 0
2 0 0
1 0 0
0 0 1
0 1 1
0 2 2
1 2 0
2 2 1
2 1 1
3 1 0
3 2 1
3 3 1
3 4 3
2 4 0
1 4 0
0 4 1
0 5 1
0 6 1
0 7 2
1 7 3
1 6 1
2 6 0
3 6 0
4 6 0
5 6 3
5 5 1
5 4 0
5 3 1
5 2 0
5 1 1
5 0 1
6 0 0
6 1 0
7 1 0
8 1 0
