71
10
8
20
60
10
20
10
20
20
20
10
20
30
20
20
20
20
20
10
20
20
30
20
10
20
10
20
30
10
20
10
30
10
20
20
30
20
30
20
30
20
10
10
20
20
20
51
20
20
10
10
20
30
20
20
30
40
10
10
30
30
30
30
20
10
10
20
20
20
20
40
30
20
10
20
10
10
20
20
20
20
20
51
5 4 1
5 5 3
4 5 0
3 5 0
2 5 0
1 5 2
1 4 1
2 4 3
2 3 0
2 2 1
3 2 0
4 2 3
4 1 0
4 0 1
5 0 0
6 0 0
7 0 0
8 0 0
8 1 3
7 1 0
6 1 1
6 2 0
6 3 3
5 3 2
5 2 1
6 2 0
7 2 0
8 2 0
8 3 2
9 3 0
9 4 3
8 4 1
8 5 0
8 6 2
9 6 0
9 7 3
8 7 0
7 7 0
6 7 0
5 7 0
4 7 0
3 7 2
3 6 1
3 5 0
3 4 1
3 3 0
2 3 0
1 3 2
1 2 0
1 1 0
0 1 0
