69
10
8
60
10
10
20
20
20
20
20
10
20
20
10
20
10
20
20
10
20
20
30
30
20
20
10
20
10
20
20
10
20
10
10
20
40
40
10
10
20
40
10
20
20
20
10
50
30
10
10
20
20
10
20
10
10
40
20
20
10
20
20
20
20
20
20
10
30
10
20
10
10
20
20
20
20
10
10
20
10
20
20
46
5 4 0
4 4 0
3 4 0
2 4 0
1 4 2
1 3 1
1 2 1
2 2 0
2 3 0
2 4 0
2 5 3
1 5 0
0 5 1
0 6 2
1 6 0
1 7 2
2 7 0
3 7 0
4 7 0
5 7 0
6 7 3
6 6 0
5 6 0
4 6 0
4 5 1
5 5 0
6 5 0
7 5 0
7 6 2
8 6 3
8 5 1
8 4 1
8 3 0
7 3 2
7 2 0
6 2 0
5 2 2
5 1 0
4 1 1
4 2 1
3 2 2
3 1 1
3 0 0
2 0 0
1 0 0
0 0 0
