74
10
8
20
10
20
20
20
20
10
60
20
20
20
10
20
10
20
10
20
20
30
30
52
20
20
20
10
20
30
30
30
20
30
10
20
20
30
10
20
30
30
20
20
30
30
20
10
20
30
10
10
20
30
20
20
20
30
10
10
20
20
20
30
20
20
10
20
40
20
40
30
20
30
10
20
20
10
10
10
20
20
20
54
2 4 2
3 4 0
4 4 0
4 5 0
4 6 0
4 7 2
5 7 0
6 7 0
7 7 0
8 7 0
9 7 3
9 6 0
8 6 0
7 6 2
7 5 1
8 5 3
8 4 0
8 3 0
7 3 2
7 2 0
6 2 0
5 2 0
4 2 0
3 2 0
2 2 0
1 2 2
1 1 1
2 1 3
2 0 1
3 0 0
4 0 0
4 1 3
3 1 1
3 2 0
3 3 0
3 4 0
3 5 2
4 5 0
5 5 3
5 4 1
5 3 0
4 3 0
3 3 0
2 3 0
1 3 0
0 3 1
0 4 2
1 4 0
1 5 1
1 6 2
2 6 0
2 7 3
1 7 0
0 7 0
