72
10
8
20
10
20
20
10
20
20
20
20
20
20
20
10
10
10
20
20
10
10
20
20
40
10
20
10
10
20
10
10
10
20
10
20
20
10
10
20
20
20
10
20
60
10
10
20
20
20
20
20
20
10
20
30
20
10
20
10
10
10
10
10
40
10
20
20
10
20
20
10
20
10
10
20
53
10
20
20
10
20
20
51
9 1 3
9 0 0
8 0 1
8 1 1
8 2 3
7 2 0
6 2 0
5 2 0
4 2 0
3 2 1
3 3 1
3 4 1
3 5 1
3 6 2
4 6 3
4 5 1
5 5 3
5 4 1
6 4 0
7 4 0
8 4 0
9 4 0
9 5 1
9 6 3
8 6 0
7 6 0
6 6 0
5 6 1
5 7 3
4 7 0
3 7 0
2 7 2
2 6 1
2 5 0
1 5 0
0 5 2
0 4 1
0 3 1
1 3 3
1 2 0
0 2 2
0 1 1
0 0 1
1 0 0
1 1 2
2 1 0
3 1 0
4 1 3
4 0 1
5 0 0
5 1 0
