70
10
8
20
20
10
52
10
10
20
20
20
30
10
30
10
60
10
10
20
20
10
30
30
40
30
10
20
20
30
10
30
20
30
20
10
30
30
20
20
10
10
10
20
20
20
10
20
10
30
10
10
30
10
30
20
20
30
20
20
30
30
30
30
30
20
10
10
30
20
10
20
20
30
10
20
20
10
20
20
20
10
20
56
0 3 2
1 3 0
2 3 0
3 3 0
4 3 0
4 4 2
5 4 3
5 3 1
5 2 1
6 2 0
7 2 0
8 2 0
8 3 1
8 4 3
7 4 0
6 4 1
6 5 3
5 5 0
4 5 0
3 5 1
3 6 0
3 7 3
2 7 0
1 7 0
0 7 2
0 6 1
1 6 0
2 6 0
3 6 0
4 6 0
5 6 0
6 6 0
7 6 3
7 5 0
7 4 0
7 3 0
7 2 0
7 1 0
7 0 0
6 0 0
5 0 1
5 1 3
4 1 0
3 1 2
3 0 0
2 0 1
2 1 3
1 1 0
0 1 2
0 0 1
1 0 0
1 1 0
1 2 1
1 3 0
1 4 1
1 5 0
