69
10
8
20
20
20
20
10
20
20
20
10
40
30
20
20
10
20
20
10
10
20
10
20
30
40
20
20
20
10
20
40
30
10
10
20
60
10
20
20
40
40
20
10
20
20
20
40
30
10
10
20
10
30
20
30
40
20
20
10
40
53
30
40
20
20
10
20
30
40
30
20
10
20
10
20
10
10
20
10
10
20
20
47
7 2 3
7 1 0
6 1 0
5 1 1
5 2 3
4 2 0
3 2 0
2 2 1
2 3 1
2 4 2
3 4 1
3 3 1
4 3 0
4 4 2
5 4 1
5 3 1
6 3 0
6 4 0
6 5 0
7 5 3
7 4 1
8 4 0
8 5 1
8 6 2
9 6 0
9 7 3
8 7 0
7 7 0
6 7 2
6 6 0
5 6 0
4 6 0
4 5 0
3 5 0
2 5 0
1 5 0
0 5 2
0 4 1
0 3 1
1 3 3
1 2 0
1 1 1
2 1 0
3 1 3
3 0 1
4 0 0
4 1 0
