72
10
8
20
60
10
10
10
10
10
20
10
30
20
10
30
20
30
10
10
20
10
30
10
40
40
10
10
10
20
40
20
10
20
20
10
10
20
40
20
40
30
10
20
20
53
20
20
30
30
20
20
30
40
10
30
10
20
10
10
30
30
20
10
40
30
10
20
30
40
20
30
30
20
10
20
10
10
10
10
20
20
20
57
5 2 3
5 1 0
4 1 0
3 1 0
2 1 1
2 2 1
2 3 0
2 4 1
2 5 0
3 5 0
4 5 1
4 4 1
5 4 0
5 5 0
5 6 0
5 7 2
6 7 0
7 7 0
8 7 0
9 7 3
9 6 0
8 6 2
8 5 0
8 4 0
8 3 0
7 3 1
7 4 1
7 5 0
8 5 0
9 5 3
9 4 1
9 3 1
9 2 1
9 1 1
9 0 0
8 0 1
8 1 0
8 2 1
7 2 0
6 2 1
6 3 1
6 4 0
6 5 1
6 6 3
5 6 0
4 6 0
3 6 1
3 7 3
2 7 0
1 7 0
0 7 2
0 6 1
0 5 1
0 4 1
0 3 1
0 2 1
0 1 0
