74
10
8
20
10
10
20
20
10
10
20
20
40
30
20
30
40
20
20
10
20
30
40
30
20
10
10
20
40
10
30
30
10
10
20
20
30
10
30
30
10
10
10
10
10
20
30
20
40
40
20
20
10
40
30
10
30
30
20
10
10
52
20
10
10
40
10
20
10
10
40
10
10
30
20
60
20
20
20
10
10
10
20
57
7 2 2
8 2 0
9 2 0
9 3 3
8 3 1
8 4 1
8 5 1
8 6 0
8 7 3
7 7 0
6 7 2
6 6 0
6 5 0
6 4 1
6 3 0
6 2 0
5 2 1
5 3 0
5 4 3
4 4 0
3 4 0
2 4 0
1 4 0
0 4 2
0 3 1
1 3 0
1 4 0
1 5 0
2 5 3
2 4 0
2 3 1
3 3 0
4 3 0
5 3 0
6 3 0
7 3 0
7 4 1
7 5 1
7 6 1
6 6 0
5 6 1
5 7 3
4 7 0
3 7 2
3 6 1
3 5 1
3 4 0
3 3 0
3 2 1
3 1 1
4 1 0
5 1 0
6 1 0
7 1 0
8 1 0
9 1 3
9 0 0
