74
10
8
20
20
10
10
60
10
20
20
20
30
20
40
10
30
30
10
10
20
10
10
51
20
40
20
10
10
10
10
40
20
20
10
10
40
10
20
30
40
20
10
20
20
20
30
20
10
40
20
20
20
30
10
20
10
20
10
10
20
30
20
20
10
20
20
10
30
10
20
20
20
30
20
20
20
10
10
20
20
20
20
55
2 4 1
2 5 2
3 5 3
3 4 1
4 4 0
5 4 3
5 3 0
5 2 0
4 2 0
3 2 0
2 2 0
1 2 2
1 1 0
1 0 1
2 0 0
3 0 0
4 0 0
5 0 0
5 1 2
6 1 3
6 0 1
7 0 0
8 0 0
9 0 0
9 1 3
8 1 0
7 1 1
7 2 0
7 3 2
8 3 0
8 4 2
9 4 0
9 5 3
8 5 1
8 6 0
8 7 2
9 7 3
9 6 0
8 6 0
7 6 2
7 5 1
7 4 0
6 4 1
6 5 1
6 6 3
5 6 1
5 7 3
4 7 0
3 7 0
2 7 2
2 6 0
1 6 0
0 6 2
0 5 1
0 4 0
