74
10
8
20
20
10
20
20
20
20
20
20
40
20
30
30
30
10
20
10
10
30
20
20
10
30
10
10
30
30
20
20
30
30
10
20
20
10
30
30
20
10
20
20
20
30
20
20
20
52
10
20
20
20
10
30
20
10
20
20
20
10
10
30
30
20
20
10
20
20
20
20
20
10
20
20
10
20
10
10
10
20
60
54
5 6 2
6 6 0
7 6 3
7 5 0
7 4 0
7 3 1
7 2 1
7 1 0
6 1 2
6 0 0
5 0 1
5 1 3
4 1 2
4 0 0
3 0 0
2 0 0
1 0 1
1 1 1
0 1 1
0 2 1
0 3 2
1 3 0
2 3 0
2 4 3
1 4 0
0 4 1
0 5 2
1 5 0
2 5 0
3 5 0
4 5 0
4 6 1
4 7 3
3 7 0
2 7 0
1 7 2
1 6 1
1 5 0
1 4 0
1 3 0
1 2 1
2 2 0
3 2 0
4 2 0
5 2 0
6 2 0
6 3 1
6 4 0
6 5 2
7 5 0
8 5 0
8 6 1
8 7 2
9 7 0
