71
10
8
20
20
20
10
10
10
20
20
10
10
20
20
20
20
20
10
10
20
20
20
20
10
10
20
10
10
20
10
30
20
52
10
20
20
10
20
30
20
10
20
20
20
10
10
40
20
10
10
20
20
10
20
10
20
10
60
20
20
30
10
10
30
30
20
10
20
20
20
20
30
20
20
20
20
10
10
20
10
20
20
51
3 6 2
4 6 0
5 6 0
6 6 0
7 6 0
8 6 3
8 5 0
8 4 1
9 4 3
9 3 1
9 2 1
9 1 0
8 1 1
8 2 3
7 2 0
6 2 0
5 2 0
4 2 0
3 2 1
3 3 1
3 4 0
3 5 3
2 5 0
1 5 2
1 4 1
2 4 3
2 3 0
1 3 2
1 2 1
2 2 3
2 1 0
1 1 0
0 1 2
0 0 1
1 0 0
2 0 0
3 0 0
4 0 0
4 1 2
5 1 3
5 0 1
6 0 0
6 1 2
7 1 0
7 2 0
7 3 1
7 4 1
7 5 0
7 6 0
7 7 3
6 7 0
