71
10
8
20
10
10
20
20
10
20
20
10
40
40
40
10
40
40
10
20
40
20
20
40
40
40
20
20
10
20
30
20
40
10
10
10
10
30
40
10
52
30
20
60
40
40
20
20
30
40
20
10
40
40
30
30
30
20
10
10
20
10
30
30
30
20
20
20
40
30
40
20
10
40
10
20
10
10
10
10
20
20
20
49
4 5 2
5 5 0
6 5 0
7 5 0
8 5 0
9 5 3
9 4 1
9 3 1
9 2 1
9 1 1
9 0 0
8 0 1
8 1 1
7 1 1
7 2 1
7 3 0
7 4 0
7 5 0
7 6 3
6 6 2
6 5 0
6 4 0
6 3 0
6 2 0
5 2 1
5 3 2
6 3 0
7 3 0
8 3 0
8 4 3
7 4 0
6 4 0
5 4 1
5 5 0
5 6 1
4 6 0
3 6 0
2 6 0
2 5 0
1 5 0
1 4 1
1 3 1
2 3 3
2 2 1
3 2 3
3 1 1
3 0 1
4 0 0
5 0 0
