70
10
8
20
10
10
10
20
20
20
60
10
10
20
10
30
10
20
52
20
30
10
40
20
30
40
20
10
10
10
20
10
20
30
20
20
30
30
10
20
30
30
20
10
30
40
30
30
40
30
10
10
10
20
40
40
30
30
20
20
40
10
10
10
30
40
10
20
30
20
40
40
40
30
20
20
20
10
20
20
20
20
20
52
1 7 2
2 7 3
2 6 1
3 6 0
4 6 0
5 6 0
6 6 0
7 6 1
7 5 0
7 4 1
7 3 1
7 2 1
7 1 1
8 1 0
9 1 0
9 2 1
9 3 3
8 3 1
8 4 0
9 4 0
9 5 3
8 5 1
8 6 0
8 7 3
7 7 0
6 7 2
6 6 0
6 5 0
6 4 0
5 4 0
4 4 1
4 5 0
4 6 0
4 7 3
3 7 2
3 6 0
3 5 1
4 5 0
5 5 1
5 4 0
5 3 0
5 2 0
4 2 0
3 2 0
2 2 0
1 2 1
1 3 1
1 4 0
1 5 1
1 6 3
0 6 1
0 7 0
