72
10
8
20
10
10
10
20
20
20
20
10
20
40
40
30
20
20
20
10
20
40
10
10
20
20
20
10
40
10
10
30
20
30
10
10
20
30
40
10
30
40
10
10
40
40
30
10
10
20
20
20
30
30
20
30
30
20
20
20
30
30
10
20
30
30
20
52
30
10
10
30
30
40
10
20
20
20
10
10
20
10
60
55
8 0 2
9 0 0
9 1 3
8 1 0
7 1 0
6 1 0
5 1 1
5 2 0
6 2 0
7 2 0
8 2 0
9 2 0
9 3 1
9 4 1
9 5 3
8 5 0
7 5 0
6 5 0
5 5 0
4 5 0
3 5 2
3 4 0
3 3 1
3 2 1
3 1 1
4 1 0
4 2 0
4 3 0
5 3 0
6 3 0
6 4 0
6 5 0
6 6 3
5 6 1
5 7 3
4 7 0
3 7 0
2 7 2
2 6 0
1 6 2
1 5 0
0 5 2
0 4 1
1 4 0
2 4 0
3 4 0
4 4 0
5 4 0
6 4 0
7 4 0
7 5 0
7 6 0
7 7 2
8 7 0
9 7 0
