72
10
8
20
20
10
20
10
10
20
20
10
30
40
10
10
10
10
20
10
30
40
10
10
40
10
10
20
30
30
30
40
30
10
10
10
40
10
40
10
40
40
10
10
30
10
40
20
40
10
20
52
20
20
10
30
30
40
20
10
10
30
10
20
20
30
20
10
30
40
40
30
20
20
10
20
20
10
10
60
10
10
20
56
6 0 2
7 0 0
8 0 0
9 0 0
9 1 3
8 1 0
7 1 0
6 1 1
6 2 2
7 2 0
8 2 0
8 3 1
7 3 0
6 3 0
5 3 1
5 4 3
4 4 0
3 4 0
3 3 0
3 2 0
3 1 0
3 0 0
2 0 0
1 0 0
0 0 1
0 1 2
1 1 0
2 1 0
3 1 0
4 1 0
4 2 1
4 3 1
3 3 0
2 3 0
1 3 0
0 3 1
0 4 1
0 5 1
0 6 2
1 6 0
2 6 0
3 6 0
4 6 1
4 5 1
5 5 0
5 6 1
5 7 2
6 7 3
6 6 1
7 6 0
8 6 3
8 5 0
7 5 2
7 4 1
8 4 0
9 4 0
