73
10
8
20
10
10
10
10
10
10
20
20
20
40
30
10
20
30
10
20
40
10
10
20
10
40
20
10
10
10
10
40
10
40
10
20
10
40
20
40
10
20
10
20
40
10
30
20
10
10
10
20
30
40
20
40
52
10
20
20
20
10
30
10
10
10
10
20
40
40
10
30
10
10
60
20
10
10
20
20
20
20
20
55
6 5 2
7 5 0
8 5 0
9 5 3
9 4 0
8 4 0
7 4 0
6 4 0
6 3 1
7 3 0
8 3 0
9 3 3
9 2 1
9 1 1
9 0 0
8 0 1
8 1 1
7 1 2
7 0 0
6 0 1
6 1 0
6 2 1
5 2 0
4 2 0
4 1 1
4 0 0
3 0 0
2 0 1
2 1 1
1 1 2
1 0 0
0 0 1
0 1 1
0 2 1
0 3 1
0 4 1
0 5 1
0 6 1
0 7 2
1 7 0
2 7 3
2 6 1
3 6 1
3 5 1
3 4 1
4 4 0
4 5 1
4 6 2
5 6 0
6 6 0
7 6 0
8 6 0
9 6 0
9 7 3
8 7 0
