73
10
8
20
10
10
10
20
20
10
20
10
30
40
30
30
20
30
10
20
20
10
30
30
30
60
10
10
20
30
20
20
30
30
20
20
30
30
30
30
10
20
10
20
40
10
20
10
20
10
10
20
30
20
10
20
10
20
20
10
30
30
30
10
30
30
52
20
40
10
30
20
20
20
10
20
20
10
10
10
10
10
20
59
7 7 2
8 7 0
9 7 3
9 6 1
9 5 1
9 4 1
9 3 1
9 2 1
9 1 0
8 1 0
8 0 0
7 0 0
6 0 1
6 1 0
6 2 3
5 2 0
4 2 0
3 2 0
2 2 0
1 2 1
1 3 0
1 4 0
1 5 3
0 5 2
0 4 1
1 4 0
2 4 0
3 4 0
3 5 0
3 6 0
3 7 2
4 7 0
5 7 0
6 7 3
6 6 1
7 6 0
8 6 3
8 5 0
7 5 0
6 5 0
5 5 2
5 4 1
5 3 0
4 3 0
3 3 2
3 2 0
3 1 0
2 1 2
2 0 1
3 0 0
4 0 0
4 1 0
4 2 0
4 3 0
4 4 0
4 5 1
4 6 3
3 6 0
2 6 0
