80
10
8
20
10
20
20
10
10
20
20
10
20
20
10
60
20
10
20
10
10
20
10
20
20
30
10
10
20
20
10
30
40
30
10
10
20
10
20
30
20
30
20
10
30
30
20
20
30
30
10
20
20
30
10
20
30
30
52
10
30
20
30
10
20
30
10
20
20
10
30
40
20
20
20
20
10
10
20
20
20
10
20
63
6 7 2
7 7 0
8 7 3
8 6 0
7 6 0
6 6 0
5 6 0
4 6 0
3 6 0
2 6 0
1 6 0
0 6 2
0 5 1
0 4 1
0 3 1
1 3 0
2 3 0
3 3 0
4 3 0
4 4 0
4 5 2
5 5 0
6 5 0
7 5 3
7 4 1
7 3 0
7 2 0
6 2 0
5 2 0
4 2 0
3 2 2
3 1 0
2 1 0
1 1 1
1 2 3
0 2 2
0 1 1
0 0 1
1 0 0
2 0 0
3 0 0
4 0 0
5 0 0
6 0 0
6 1 2
7 1 0
8 1 0
8 2 1
8 3 0
8 4 0
9 4 3
9 3 0
8 3 0
7 3 0
6 3 0
5 3 1
5 4 3
4 4 0
3 4 0
2 4 1
2 5 3
1 5 2
1 4 0
