74
10
8
20
20
20
20
20
20
10
20
10
20
40
10
30
20
10
20
10
30
10
40
20
40
30
20
10
30
20
52
10
40
30
20
10
20
40
10
40
10
10
20
20
30
40
10
40
40
60
10
10
40
40
10
40
10
30
10
20
20
40
10
40
30
10
10
10
20
10
30
10
20
40
10
20
20
20
20
20
10
10
20
54
3 3 2
4 3 0
5 3 0
6 3 0
7 3 0
8 3 0
9 3 3
9 2 0
8 2 0
7 2 0
7 1 0
6 1 1
6 2 1
5 2 0
5 1 0
5 0 0
4 0 0
3 0 0
2 0 0
1 0 0
0 0 1
0 1 2
1 1 0
1 2 1
0 2 1
0 3 2
1 3 0
2 3 0
2 4 3
1 4 0
0 4 1
0 5 2
1 5 0
1 6 1
1 7 2
2 7 3
2 6 0
2 5 1
3 5 0
3 6 0
3 7 2
4 7 3
4 6 1
4 5 1
4 4 1
5 4 0
5 5 0
6 5 0
7 5 0
8 5 0
8 6 1
7 6 0
6 6 0
5 6 0
