71
10
8
60
20
51
10
10
10
10
20
10
10
20
10
20
20
20
10
20
20
10
40
10
40
10
10
10
40
10
10
30
10
10
10
10
30
40
10
20
10
20
10
20
20
20
20
40
10
20
10
10
10
20
10
30
20
30
20
20
10
10
10
20
10
40
10
10
10
10
20
20
20
30
20
20
20
10
20
20
20
20
20
53
0 2 1
0 3 1
0 4 1
0 5 1
0 6 1
0 7 2
1 7 0
2 7 0
3 7 0
4 7 0
5 7 0
6 7 3
6 6 0
6 5 0
5 5 0
4 5 0
3 5 0
2 5 0
2 4 1
2 3 1
3 3 0
4 3 0
5 3 0
5 4 0
6 4 0
7 4 0
7 5 1
7 6 0
8 6 0
9 6 0
9 7 3
8 7 2
8 6 0
8 5 1
9 5 3
9 4 0
8 4 2
8 3 1
9 3 3
9 2 1
9 1 0
8 1 0
7 1 0
6 1 0
5 1 2
5 0 0
4 0 0
3 0 0
2 0 1
2 1 3
1 1 0
0 1 2
0 0 0
