73
10
8
20
20
20
20
20
10
20
60
20
30
10
40
20
20
30
20
20
20
53
20
20
20
30
20
10
20
20
10
20
10
10
10
10
40
10
10
20
20
20
10
10
10
40
20
40
20
20
20
20
30
30
20
30
20
20
10
20
20
40
30
10
20
20
20
10
40
10
40
40
20
40
20
20
20
20
10
10
10
10
20
50
2 2 3
2 1 0
1 1 0
0 1 2
0 0 1
1 0 0
1 1 0
1 2 1
1 3 0
2 3 0
2 4 3
1 4 1
1 5 2
2 5 0
2 6 0
2 7 2
3 7 0
4 7 0
5 7 3
5 6 1
6 6 3
6 5 1
7 5 0
7 6 2
8 6 0
8 7 2
9 7 3
9 6 1
9 5 1
9 4 1
9 3 1
9 2 0
8 2 0
7 2 0
7 1 0
6 1 0
5 1 0
4 1 1
4 2 1
4 3 1
4 4 2
5 4 0
5 5 3
4 5 1
4 6 3
3 6 0
2 6 0
1 6 0
0 6 1
0 7 0
