72
10
8
20
20
10
20
60
10
10
20
10
10
30
10
10
20
10
20
10
20
20
20
30
30
30
20
10
10
20
10
10
20
10
10
10
51
10
30
10
10
20
20
10
30
20
10
40
40
40
20
20
20
20
20
40
10
10
20
10
20
30
30
30
30
20
10
10
10
40
20
20
30
30
10
20
10
20
10
10
10
20
20
56
4 1 1
4 2 1
4 3 0
4 4 1
4 5 1
4 6 2
5 6 0
5 7 2
6 7 3
6 6 1
6 5 1
6 4 0
5 4 0
5 3 1
5 2 1
6 2 0
6 3 2
7 3 0
8 3 3
8 2 1
9 2 0
9 3 1
9 4 1
9 5 1
9 6 3
8 6 0
7 6 2
7 5 0
7 4 0
7 3 0
7 2 0
7 1 0
6 1 2
6 0 0
5 0 0
4 0 0
3 0 0
2 0 0
1 0 0
0 0 1
0 1 2
1 1 0
2 1 0
2 2 2
3 2 0
3 3 1
3 4 1
3 5 3
2 5 0
1 5 1
1 6 1
1 7 3
0 7 2
0 6 1
0 5 1
0 4 0
