73
10
8
20
10
20
20
10
60
10
20
20
30
30
20
40
20
30
10
20
30
20
40
10
30
20
10
20
20
30
40
30
40
30
20
10
20
30
30
30
30
20
20
20
20
10
20
20
10
10
20
10
10
40
10
10
30
10
20
20
40
30
40
20
30
20
20
20
10
20
40
53
20
20
20
20
10
20
10
10
10
20
20
52
8 4 3
8 3 0
7 3 0
7 2 0
7 1 0
6 1 0
5 1 2
5 0 0
4 0 0
3 0 1
3 1 2
4 1 0
4 2 0
4 3 0
4 4 0
4 5 0
4 6 3
3 6 0
2 6 2
2 5 0
2 4 1
2 3 1
3 3 0
3 4 0
3 5 0
4 5 0
5 5 0
6 5 0
7 5 0
8 5 0
8 6 3
7 6 1
7 7 3
6 7 2
6 6 1
6 5 0
6 4 1
6 3 1
6 2 0
5 2 0
4 2 0
3 2 0
2 2 2
2 1 0
2 0 0
1 0 1
1 1 0
1 2 0
1 3 3
0 3 1
0 4 1
0 5 0
