72
10
8
20
10
10
10
10
10
20
20
10
40
20
10
40
10
10
20
10
20
20
20
20
30
10
10
10
10
10
20
10
10
40
10
20
40
40
20
40
30
40
20
20
10
20
20
10
40
20
20
20
10
40
10
40
52
20
10
20
10
40
20
10
40
40
60
20
40
20
10
40
20
40
10
20
10
10
20
20
10
20
20
50
6 5 2
7 5 1
7 4 1
7 3 1
8 3 0
9 3 3
9 2 1
9 1 1
9 0 0
8 0 1
8 1 1
7 1 0
6 1 0
5 1 0
4 1 0
4 0 0
3 0 0
2 0 0
1 0 0
0 0 1
0 1 1
0 2 1
0 3 1
0 4 1
0 5 1
0 6 2
1 6 0
2 6 0
3 6 1
3 5 1
3 4 1
3 3 0
2 3 2
2 2 1
3 2 0
4 2 0
4 3 2
5 3 3
5 2 1
6 2 0
6 3 1
6 4 1
5 4 0
4 4 1
4 5 0
4 6 0
5 6 0
5 7 2
6 7 0
7 7 0
