71
10
8
20
10
10
20
20
10
10
20
20
40
30
20
30
40
30
10
20
30
30
10
40
20
30
10
20
10
40
30
40
30
10
10
10
30
30
10
40
40
60
10
10
30
30
40
10
30
40
10
10
52
20
30
30
30
20
10
20
30
30
10
40
10
10
10
10
20
10
10
40
30
40
10
20
10
20
10
10
20
10
20
58
6 1 2
7 1 0
8 1 0
8 2 1
8 3 1
8 4 1
7 4 0
7 3 1
7 2 0
7 1 0
7 0 0
6 0 0
5 0 0
4 0 0
3 0 1
3 1 1
3 2 0
4 2 0
5 2 0
6 2 0
6 3 0
6 4 0
6 5 0
6 6 3
5 6 0
5 5 0
5 4 1
5 3 0
4 3 0
3 3 0
2 3 0
1 3 1
1 4 0
1 5 0
2 5 3
2 4 0
1 4 0
0 4 1
0 5 1
0 6 1
0 7 2
1 7 0
2 7 0
3 7 0
4 7 0
5 7 0
6 7 0
7 7 0
8 7 0
9 7 3
9 6 1
9 5 0
8 5 0
7 5 0
6 5 0
5 5 0
4 5 1
4 6 0
