71
10
8
20
20
20
20
20
20
20
20
20
10
20
30
30
10
20
20
10
30
40
40
30
10
20
10
10
60
10
40
30
30
10
20
10
20
20
10
30
40
10
10
10
40
10
10
10
40
20
10
10
20
40
30
30
10
40
10
20
52
10
20
20
10
10
20
10
40
20
40
20
40
10
10
20
10
10
10
20
10
10
20
53
7 1 2
8 1 0
8 2 3
7 2 0
6 2 1
6 3 0
6 4 0
6 5 1
6 6 1
5 6 2
5 5 0
4 5 0
4 4 0
4 3 1
4 2 0
3 2 0
2 2 1
2 3 0
3 3 0
3 4 0
3 5 0
3 6 1
3 7 2
4 7 0
5 7 0
6 7 0
7 7 3
7 6 1
7 5 1
7 4 0
6 4 0
5 4 0
4 4 0
3 4 0
2 4 0
1 4 0
0 4 2
0 3 1
1 3 0
2 3 0
2 4 0
2 5 1
2 6 3
1 6 2
1 5 1
1 4 0
1 3 0
1 2 0
0 2 2
0 1 1
1 1 0
2 1 0
3 1 0
