72
10
8
20
10
20
10
20
10
10
20
20
10
10
10
30
60
10
10
20
10
10
20
10
20
30
10
20
20
10
10
10
30
20
20
20
20
40
10
10
10
30
10
20
20
10
20
30
20
20
20
10
40
50
30
20
20
10
10
20
10
10
20
20
30
30
10
20
20
10
20
20
20
10
20
20
20
20
20
20
20
20
20
53
6 2 0
5 2 0
4 2 0
4 1 1
5 1 3
5 0 1
6 0 0
7 0 0
7 1 1
7 2 1
7 3 2
8 3 0
8 4 2
9 4 0
9 5 3
8 5 1
8 6 1
8 7 3
7 7 0
6 7 0
5 7 2
5 6 0
4 6 0
3 6 1
3 7 3
2 7 0
1 7 0
0 7 2
0 6 1
0 5 1
0 4 1
1 4 0
2 4 0
3 4 0
4 4 0
5 4 0
6 4 0
6 5 3
5 5 2
5 4 0
5 3 0
4 3 0
3 3 0
2 3 2
2 2 1
2 1 1
2 0 0
1 0 1
1 1 1
1 2 1
1 3 1
1 4 0
1 5 0
