76
10
8
60
10
10
20
20
20
20
20
20
20
30
10
20
10
20
10
10
20
20
20
50
30
30
20
20
20
10
20
20
10
20
20
20
10
20
10
10
20
10
20
20
30
30
20
10
20
20
10
20
20
10
10
20
10
10
10
20
20
20
10
20
30
20
20
20
20
10
20
30
20
20
10
20
20
20
20
20
10
10
20
53
2 4 0
1 4 1
1 5 1
1 6 2
2 6 0
3 6 0
3 7 2
4 7 3
4 6 1
4 5 1
5 5 0
5 6 2
6 6 0
7 6 0
7 7 2
8 7 0
9 7 3
9 6 1
9 5 1
9 4 0
8 4 0
7 4 2
7 3 1
7 2 1
8 2 0
9 2 3
9 1 0
8 1 2
8 0 0
7 0 1
7 1 3
6 1 1
6 2 1
6 3 1
6 4 3
5 4 0
4 4 0
3 4 2
3 3 1
4 3 0
5 3 3
5 2 0
5 1 0
5 0 0
4 0 1
4 1 1
4 2 3
3 2 0
2 2 2
2 1 0
1 1 2
1 0 0
0 0 0
