72
10
8
20
10
20
20
20
20
10
20
20
20
30
40
30
10
30
20
10
20
20
20
10
40
10
10
20
30
20
10
30
20
10
20
20
20
10
20
30
20
10
10
10
40
40
30
10
10
20
20
60
20
53
40
20
20
10
20
10
30
40
40
10
40
20
10
10
30
40
40
30
40
10
20
20
10
20
10
20
20
10
20
51
6 2 3
6 1 0
5 1 1
5 2 1
4 2 0
3 2 2
3 1 0
3 0 0
2 0 0
1 0 1
1 1 2
2 1 0
2 2 3
1 2 0
0 2 1
0 3 2
1 3 0
1 4 0
1 5 1
1 6 0
1 7 2
2 7 0
3 7 3
3 6 1
3 5 0
2 5 0
2 4 1
2 3 1
3 3 0
4 3 0
4 4 0
4 5 2
5 5 0
6 5 0
6 6 1
6 7 2
7 7 0
8 7 3
8 6 1
8 5 0
7 5 0
7 4 1
7 3 1
8 3 1
8 2 1
9 2 3
9 1 1
9 0 0
8 0 0
7 0 0
6 0 0
