73
10
8
60
10
10
20
10
10
10
20
20
30
30
20
20
10
30
10
20
20
30
30
30
10
30
10
10
20
20
20
30
10
30
10
10
20
20
30
10
10
10
10
10
30
20
30
10
20
20
20
10
30
30
30
10
20
30
20
52
20
30
30
10
30
30
20
10
20
20
30
30
30
30
20
20
10
10
20
10
10
20
20
60
7 0 2
8 0 0
9 0 0
9 1 1
9 2 1
9 3 3
8 3 0
7 3 0
6 3 0
5 3 0
4 3 0
3 3 2
3 2 1
4 2 3
4 1 1
5 1 0
6 1 0
7 1 0
7 2 0
7 3 0
7 4 1
7 5 0
7 6 0
7 7 3
6 7 2
6 6 0
6 5 0
5 5 2
5 4 1
5 3 0
5 2 1
6 2 0
7 2 0
8 2 0
8 3 0
8 4 0
8 5 0
8 6 0
8 7 2
9 7 3
9 6 0
8 6 0
7 6 0
6 6 0
5 6 1
5 7 3
4 7 0
3 7 0
2 7 0
1 7 0
0 7 2
0 6 1
0 5 1
0 4 1
0 3 1
1 3 3
1 2 0
1 1 0
1 0 0
0 0 0
