74
10
8
20
20
10
20
20
10
52
60
20
40
30
10
10
20
20
10
20
20
10
40
10
20
40
20
20
20
20
40
10
40
10
20
20
10
10
40
40
20
10
10
20
20
10
30
10
10
20
10
20
20
20
20
10
10
10
20
20
20
20
10
40
20
30
10
20
40
10
20
40
20
20
20
20
20
10
20
10
20
20
20
50
0 6 2
1 6 3
1 5 1
2 5 3
2 4 1
2 3 0
1 3 0
0 3 2
0 2 1
0 1 1
1 1 1
1 0 1
2 0 0
2 1 2
3 1 3
3 0 1
4 0 0
4 1 1
4 2 1
4 3 0
5 3 0
6 3 0
6 4 1
6 5 1
6 6 1
6 7 2
7 7 0
8 7 3
8 6 1
9 6 3
9 5 0
8 5 2
8 4 0
7 4 0
7 3 1
7 2 0
6 2 2
6 1 0
5 1 1
5 2 1
5 3 0
5 4 1
5 5 1
5 6 3
4 6 0
3 6 0
2 6 1
2 7 3
1 7 0
0 7 0
