77
10
8
20
20
20
20
10
10
20
20
20
30
30
30
30
30
20
10
20
10
30
30
20
20
20
10
10
10
30
10
20
30
30
10
20
30
20
30
10
20
30
10
10
10
20
30
10
20
20
10
20
20
30
10
20
20
30
20
20
30
30
40
52
30
30
20
20
10
20
20
10
60
20
20
20
20
10
20
20
10
10
20
59
7 4 2
8 4 0
9 4 0
9 5 1
9 6 1
9 7 3
8 7 2
8 6 0
7 6 0
6 6 0
5 6 2
5 5 0
4 5 2
4 4 1
4 3 0
4 2 0
3 2 0
2 2 0
1 2 0
0 2 1
0 3 2
1 3 0
2 3 0
3 3 0
4 3 0
5 3 0
6 3 0
7 3 1
7 2 0
7 1 0
7 0 0
6 0 1
6 1 3
5 1 0
4 1 0
3 1 0
2 1 0
1 1 0
0 1 2
0 0 1
1 0 0
1 1 0
1 2 0
1 3 0
1 4 0
1 5 0
1 6 3
0 6 1
0 7 2
1 7 0
2 7 0
3 7 0
4 7 0
5 7 0
6 7 3
6 6 0
6 5 1
7 5 0
8 5 0
