73
10
8
20
10
60
10
20
20
10
20
20
20
10
20
10
20
30
20
10
10
10
30
10
10
40
20
10
40
10
20
20
20
40
20
50
20
30
30
10
30
30
20
20
30
20
30
30
10
30
20
10
30
10
20
20
10
10
10
20
40
20
10
10
40
10
10
10
10
30
20
10
20
30
20
20
10
20
20
20
20
20
20
55
4 0 0
3 0 0
2 0 0
1 0 1
1 1 2
2 1 0
3 1 0
3 2 1
3 3 2
4 3 0
5 3 0
6 3 0
6 4 2
7 4 0
8 4 0
9 4 0
9 5 3
8 5 1
8 6 0
8 7 3
7 7 0
6 7 0
5 7 2
5 6 0
5 5 1
5 4 0
5 3 0
5 2 1
6 2 0
7 2 3
7 1 0
6 1 0
5 1 0
4 1 1
4 2 0
4 3 0
4 4 1
4 5 0
4 6 0
4 7 3
3 7 2
3 6 0
2 6 1
2 7 3
1 7 2
1 6 0
1 5 1
2 5 0
3 5 3
3 4 0
2 4 0
1 4 0
0 4 2
0 3 1
0 2 0
