72
10
8
20
10
20
10
20
20
20
20
10
30
30
30
20
30
20
10
60
20
20
20
20
10
20
10
10
10
10
20
10
40
20
20
10
10
30
20
30
10
20
10
10
52
10
30
20
20
20
20
20
10
20
30
20
20
40
20
20
10
10
10
20
10
20
20
20
10
20
20
30
30
10
10
20
20
10
10
20
10
20
20
53
5 1 2
6 1 0
7 1 0
8 1 0
9 1 0
9 2 1
9 3 1
9 4 3
8 4 0
7 4 1
7 5 1
7 6 3
6 6 0
6 5 0
5 5 2
5 4 1
6 4 3
6 3 0
6 2 1
7 2 0
8 2 0
8 3 3
7 3 0
6 3 0
5 3 0
4 3 1
4 4 0
4 5 1
4 6 3
3 6 1
3 7 3
2 7 0
1 7 0
0 7 2
0 6 1
1 6 3
1 5 0
1 4 0
0 4 1
0 5 2
1 5 0
2 5 0
3 5 1
3 4 1
3 3 0
2 3 2
2 2 0
1 2 0
0 2 2
0 1 1
0 0 1
1 0 0
2 0 0
