75
10
8
20
20
20
20
10
20
10
20
10
20
40
20
10
20
10
10
20
20
20
20
20
20
20
20
10
30
20
10
20
10
30
10
20
20
40
10
20
10
30
20
20
10
20
10
10
10
30
10
20
10
20
10
10
10
20
20
10
20
10
50
10
20
20
10
20
10
30
10
40
20
40
10
60
10
10
10
10
20
20
20
56
7 3 0
6 3 0
5 3 0
4 3 0
3 3 0
2 3 2
2 2 0
1 2 0
1 1 0
0 1 2
0 0 1
1 0 0
2 0 0
2 1 2
3 1 0
4 1 3
4 0 1
5 0 0
5 1 1
5 2 2
6 2 3
6 1 1
6 0 1
7 0 0
8 0 0
8 1 1
8 2 0
8 3 1
8 4 1
7 4 0
6 4 0
5 4 0
4 4 1
4 5 1
4 6 0
4 7 3
3 7 0
2 7 2
2 6 1
3 6 0
4 6 0
5 6 0
6 6 0
6 7 2
7 7 0
8 7 0
9 7 3
9 6 0
8 6 0
8 5 1
9 5 3
9 4 1
9 3 1
9 2 1
9 1 1
9 0 0
