74
10
8
20
10
20
20
20
20
20
20
20
10
30
40
10
40
40
10
20
10
40
40
20
40
10
10
10
20
51
10
10
10
10
20
10
10
10
40
10
20
10
10
10
10
20
10
40
10
10
20
20
10
10
30
40
10
20
10
20
10
10
30
10
20
20
10
10
10
10
10
20
10
40
20
20
10
60
10
20
20
20
20
57
3 2 1
3 3 1
3 4 1
3 5 1
3 6 1
3 7 3
2 7 0
1 7 0
0 7 2
0 6 1
1 6 1
1 5 0
0 5 2
0 4 1
1 4 0
2 4 3
2 3 0
1 3 0
1 2 0
1 1 1
1 0 0
0 0 1
0 1 1
0 2 2
1 2 0
2 2 1
2 1 1
2 0 1
3 0 0
4 0 0
5 0 0
6 0 0
6 1 1
6 2 1
6 3 0
6 4 1
5 4 1
5 5 1
5 6 1
5 7 2
6 7 0
7 7 0
8 7 3
8 6 1
9 6 3
9 5 0
8 5 0
7 5 2
7 4 1
7 3 0
7 2 1
7 1 1
7 0 1
8 0 0
9 0 0
9 1 1
9 2 0
