78
10
8
20
60
10
20
20
20
20
20
20
20
40
30
30
30
20
20
10
30
40
10
10
30
10
10
20
10
20
20
20
40
30
20
20
10
10
10
10
20
30
20
10
20
30
20
30
10
30
20
50
20
40
20
20
30
20
10
20
40
40
10
10
20
30
20
10
20
20
40
20
20
20
20
20
20
20
10
10
10
20
20
56
6 0 0
5 0 0
4 0 1
4 1 1
4 2 1
4 3 1
4 4 1
4 5 2
5 5 0
6 5 0
7 5 0
7 6 0
7 7 2
8 7 3
8 6 1
9 6 3
9 5 1
9 4 1
9 3 1
9 2 0
8 2 2
8 1 0
7 1 1
7 2 1
6 2 1
6 3 2
7 3 0
8 3 0
8 4 3
7 4 0
6 4 1
6 5 0
6 6 3
5 6 0
4 6 0
3 6 0
2 6 0
1 6 1
1 7 2
2 7 0
3 7 3
3 6 0
3 5 0
2 5 0
1 5 0
0 5 2
0 4 1
1 4 0
2 4 0
3 4 3
3 3 0
2 3 0
1 3 0
0 3 2
0 2 1
0 1 0
