72
10
8
20
10
10
20
10
20
10
20
20
30
40
20
10
10
20
10
20
10
20
30
10
40
40
10
20
10
30
40
10
20
40
20
20
40
40
40
30
30
10
20
10
40
40
30
10
10
40
20
60
40
20
30
10
30
20
10
10
20
40
10
20
30
20
10
20
40
10
53
40
10
40
10
20
10
10
20
20
20
20
20
52
8 3 3
8 2 1
8 1 0
7 1 1
7 2 1
6 2 1
6 3 0
6 4 1
6 5 0
6 6 2
7 6 3
7 5 0
7 4 1
8 4 0
8 5 1
8 6 0
9 6 0
9 7 3
8 7 0
7 7 0
6 7 0
5 7 2
5 6 0
4 6 0
3 6 0
3 5 0
2 5 1
2 6 1
1 6 2
1 5 1
1 4 1
1 3 0
0 3 2
0 2 1
0 1 1
0 0 1
1 0 0
1 1 0
1 2 0
2 2 3
2 1 1
2 0 1
3 0 0
3 1 1
3 2 0
3 3 0
4 3 1
4 2 1
5 2 1
5 1 1
6 1 1
6 0 0
