74
10
8
20
10
10
10
20
20
51
20
20
40
10
10
10
40
20
10
20
10
10
30
30
30
10
10
10
30
30
20
30
10
40
10
20
30
40
10
30
30
30
10
20
30
30
40
30
10
10
10
10
30
40
10
30
40
30
10
20
30
10
30
30
40
20
20
10
30
30
60
40
40
30
20
20
20
20
10
10
20
10
20
62
0 6 1
0 7 2
1 7 0
2 7 0
3 7 0
4 7 0
5 7 0
6 7 0
7 7 3
7 6 0
6 6 0
5 6 0
4 6 0
3 6 0
3 5 1
3 4 0
3 3 1
4 3 0
5 3 1
5 2 0
5 1 0
5 0 0
4 0 1
4 1 0
4 2 0
5 2 0
6 2 0
6 3 1
6 4 0
6 5 0
7 5 1
7 4 0
7 3 0
7 2 1
7 1 0
7 0 1
8 0 0
9 0 0
9 1 3
8 1 0
7 1 0
6 1 0
5 1 0
4 1 0
3 1 0
2 1 0
1 1 0
1 0 0
0 0 1
0 1 1
0 2 1
0 3 1
0 4 2
1 4 0
2 4 0
3 4 0
4 4 0
5 4 0
6 4 0
7 4 0
8 4 1
8 3 0
