73
10
8
20
10
10
10
10
20
10
20
60
20
10
30
53
40
40
10
20
10
20
20
30
10
40
20
10
20
30
10
10
20
20
20
10
10
40
20
20
10
20
20
20
20
10
20
20
20
20
20
10
10
10
20
30
20
20
20
10
20
30
20
10
20
40
10
20
20
20
20
20
10
10
10
20
20
20
10
20
20
20
20
51
1 4 3
1 3 0
1 2 1
1 1 1
2 1 0
3 1 0
3 2 0
3 3 1
3 4 1
3 5 2
4 5 0
5 5 3
5 4 0
4 4 2
4 3 1
5 3 3
5 2 1
5 1 1
6 1 0
7 1 0
7 2 0
7 3 3
6 3 1
6 4 0
6 5 2
7 5 0
7 6 0
8 6 0
9 6 0
9 7 3
8 7 0
7 7 0
6 7 2
6 6 0
5 6 1
5 7 3
4 7 2
4 6 0
3 6 1
3 7 3
2 7 2
2 6 0
1 6 0
1 5 0
0 5 2
0 4 1
0 3 1
0 2 1
0 1 1
0 0 1
1 0 0
