78
10
8
20
20
20
20
51
10
10
20
10
30
30
20
20
30
60
10
20
20
30
40
30
20
20
10
10
20
30
40
30
20
10
10
20
30
30
10
40
20
10
20
10
30
40
30
30
10
20
20
10
20
40
20
30
30
40
20
20
30
40
20
40
30
40
20
20
30
20
40
10
10
20
10
20
20
20
10
10
10
20
20
58
0 4 1
0 5 1
0 6 1
0 7 2
1 7 0
2 7 0
3 7 0
4 7 3
4 6 1
4 5 0
3 5 2
3 4 0
3 3 0
2 3 0
2 2 0
2 1 0
1 1 0
0 1 1
0 2 2
1 2 0
2 2 0
3 2 0
4 2 0
5 2 0
5 3 0
5 4 0
5 5 1
5 6 2
6 6 1
6 5 0
6 4 0
6 3 1
7 3 3
7 2 0
6 2 0
6 1 1
7 1 0
8 1 0
9 1 3
9 0 0
8 0 1
8 1 0
8 2 3
7 2 0
7 1 0
7 0 0
6 0 0
5 0 0
4 0 1
4 1 0
4 2 0
4 3 1
4 4 1
3 4 0
2 4 0
1 4 1
1 5 0
1 6 0
