73
10
8
20
60
10
20
10
20
20
20
20
30
30
30
40
10
30
20
20
10
30
10
20
10
30
20
20
30
20
30
30
30
30
10
20
10
10
52
10
10
30
10
10
20
10
30
20
30
40
20
10
40
30
40
30
10
30
20
10
30
30
40
30
40
30
20
10
20
30
20
40
30
30
20
20
10
20
10
10
10
10
20
59
4 3 2
5 3 0
6 3 1
6 2 0
6 1 1
7 1 0
8 1 0
8 2 0
8 3 3
7 3 1
7 4 0
7 5 1
6 5 0
5 5 0
4 5 0
3 5 0
2 5 0
1 5 0
0 5 1
0 6 2
1 6 0
2 6 0
3 6 0
4 6 0
5 6 1
5 5 0
5 4 1
6 4 0
7 4 0
8 4 0
8 5 0
8 6 0
8 7 2
9 7 3
9 6 1
9 5 1
9 4 1
9 3 1
9 2 0
8 2 0
7 2 0
6 2 0
5 2 0
4 2 0
3 2 2
3 1 0
3 0 0
2 0 1
2 1 1
2 2 0
2 3 1
2 4 3
1 4 0
1 3 0
1 2 0
1 1 0
1 0 0
0 0 1
0 1 0
