77
10
8
20
20
20
20
10
20
20
20
10
40
10
20
30
30
30
10
10
20
20
20
40
10
30
10
10
30
30
10
20
30
20
10
10
30
20
10
10
10
20
10
10
10
10
20
20
40
40
10
10
20
10
30
10
20
30
20
10
10
60
10
30
20
30
20
20
10
10
30
20
30
20
20
20
10
20
51
10
10
10
20
62
9 3 1
9 4 1
9 5 1
9 6 1
9 7 3
8 7 2
8 6 0
7 6 0
6 6 0
5 6 0
5 5 0
4 5 0
3 5 0
2 5 0
1 5 0
0 5 2
0 4 1
0 3 1
1 3 3
1 2 1
1 1 0
0 1 2
0 0 1
1 0 0
2 0 0
3 0 0
4 0 0
5 0 0
6 0 0
7 0 0
8 0 0
8 1 1
8 2 1
8 3 0
8 4 3
7 4 0
6 4 0
5 4 2
5 3 0
4 3 0
3 3 0
2 3 1
2 4 0
3 4 0
3 5 0
3 6 3
2 6 0
1 6 0
0 6 1
0 7 2
1 7 0
2 7 0
3 7 0
4 7 0
5 7 0
6 7 3
6 6 0
6 5 1
7 5 3
7 4 0
7 3 1
7 2 0
