76
10
8
20
10
10
10
20
10
60
20
10
30
40
10
20
20
30
20
10
40
30
20
10
10
20
10
10
10
30
20
10
20
10
10
10
10
10
10
30
40
20
20
10
30
20
10
10
10
30
20
10
10
10
40
20
20
10
10
10
10
51
10
10
20
10
20
10
20
10
10
30
30
20
10
20
10
10
10
10
20
10
20
64
7 2 1
7 3 1
7 4 1
7 5 2
8 5 0
9 5 3
9 4 1
9 3 1
9 2 1
9 1 1
9 0 0
8 0 0
7 0 0
6 0 0
5 0 0
4 0 0
3 0 0
2 0 0
1 0 0
0 0 1
0 1 1
0 2 1
0 3 1
0 4 2
1 4 3
1 3 1
1 2 1
2 2 0
3 2 0
4 2 0
5 2 0
5 3 1
5 4 1
5 5 1
5 6 0
5 7 3
4 7 2
4 6 1
5 6 0
6 6 0
7 6 0
8 6 3
8 5 0
8 4 0
8 3 1
8 2 1
8 1 0
7 1 0
6 1 0
5 1 0
4 1 0
3 1 0
2 1 1
2 2 0
2 3 2
3 3 0
3 4 1
3 5 3
2 5 0
1 5 1
1 6 0
1 7 3
0 7 2
0 6 0
